x v u error 
     0.00000      0.00000      0.00000      0.00000 
     0.00990      0.00444      0.08437     -0.02348 
     0.01980      0.15952      0.15985     -2.68747 
     0.02970      0.22679      0.22728     -2.67332 
     0.03960      0.28679      0.28742     -2.65904 
     0.04950      0.34018      0.34096     -2.64464 
     0.05941      0.38760      0.38852     -2.63013 
     0.06931      0.42961      0.43066     -2.61552 
     0.07921      0.46672      0.46789     -2.60083 
     0.08911      0.49939      0.50069     -2.58605 
     0.09901      0.52803      0.52945     -2.57121 
     0.10891      0.55304      0.55458     -2.55631 
     0.11881      0.57474      0.57640     -2.54136 
     0.12871      0.59346      0.59523     -2.52636 
     0.13861      0.60947      0.61135     -2.51134 
     0.14851      0.62303      0.62502     -2.49628 
     0.15842      0.63437      0.63647     -2.48120 
     0.16832      0.64370      0.64591     -2.46611 
     0.17822      0.65121      0.65352     -2.45101 
     0.18812      0.65706      0.65948     -2.43590 
     0.19802      0.66143      0.66395     -2.42079 
     0.20792      0.66444      0.66706     -2.40568 
     0.21782      0.66622      0.66894     -2.39058 
     0.22772      0.66690      0.66972     -2.37549 
     0.23762      0.66657      0.66949     -2.36040 
     0.24752      0.66533      0.66834     -2.34533 
     0.25743      0.66326      0.66638     -2.33027 
     0.26733      0.66045      0.66366     -2.31523 
     0.27723      0.65696      0.66027     -2.30019 
     0.28713      0.65286      0.65626     -2.28518 
     0.29703      0.64820      0.65170     -2.27017 
     0.30693      0.64304      0.64663     -2.25518 
     0.31683      0.63742      0.64111     -2.24019 
     0.32673      0.63139      0.63517     -2.22522 
     0.33663      0.62499      0.62887     -2.21025 
     0.34653      0.61825      0.62222     -2.19529 
     0.35644      0.61120      0.61527     -2.18033 
     0.36634      0.60388      0.60803     -2.16536 
     0.37624      0.59630      0.60055     -2.15040 
     0.38614      0.58850      0.59284     -2.13542 
     0.39604      0.58049      0.58492     -2.12043 
     0.40594      0.57229      0.57682     -2.10542 
     0.41584      0.56393      0.56854     -2.09040 
     0.42574      0.55541      0.56012     -2.07534 
     0.43564      0.54675      0.55155     -2.06026 
     0.44554      0.53797      0.54286     -2.04514 
     0.45545      0.52907      0.53405     -2.02997 
     0.46535      0.52007      0.52515     -2.01476 
     0.47525      0.51098      0.51614     -1.99949 
     0.48515      0.50180      0.50706     -1.98415 
     0.49505      0.49254      0.49789     -1.96875 
     0.50495      0.48322      0.48866     -1.95327 
     0.51485      0.47383      0.47936     -1.93770 
     0.52475      0.46439      0.47001     -1.92204 
     0.53465      0.45489      0.46061     -1.90628 
     0.54455      0.44535      0.45115     -1.89040 
     0.55446      0.43576      0.44166     -1.87440 
     0.56436      0.42614      0.43213     -1.85827 
     0.57426      0.41648      0.42256     -1.84199 
     0.58416      0.40679      0.41296     -1.82556 
     0.59406      0.39708      0.40334     -1.80896 
     0.60396      0.38733      0.39368     -1.79217 
     0.61386      0.37756      0.38401     -1.77519 
     0.62376      0.36778      0.37431     -1.75799 
     0.63366      0.35797      0.36460     -1.74057 
     0.64356      0.34814      0.35486     -1.72290 
     0.65347      0.33830      0.34511     -1.70496 
     0.66337      0.32845      0.33535     -1.68673 
     0.67327      0.31858      0.32557     -1.66820 
     0.68317      0.30870      0.31578     -1.64933 
     0.69307      0.29881      0.30598     -1.63010 
     0.70297      0.28891      0.29618     -1.61049 
     0.71287      0.27901      0.28636     -1.59045 
     0.72277      0.26909      0.27653     -1.56995 
     0.73267      0.25917      0.26670     -1.54896 
     0.74257      0.24924      0.25686     -1.52743 
     0.75248      0.23930      0.24702     -1.50532 
     0.76238      0.22936      0.23717     -1.48256 
     0.77228      0.21942      0.22732     -1.45911 
     0.78218      0.20947      0.21746     -1.43489 
     0.79208      0.19951      0.20759     -1.40982 
     0.80198      0.18956      0.19773     -1.38382 
     0.81188      0.17960      0.18786     -1.35678 
     0.82178      0.16963      0.17799     -1.32859 
     0.83168      0.15967      0.16811     -1.29910 
     0.84158      0.14970      0.15823     -1.26815 
     0.85149      0.13973      0.14835     -1.23556 
     0.86139      0.12976      0.13847     -1.20107 
     0.87129      0.11978      0.12859     -1.16441 
     0.88119      0.10981      0.11870     -1.12522 
     0.89109      0.09983      0.10882     -1.08304 
     0.90099      0.08985      0.09893     -1.03730 
     0.91089      0.07987      0.08904     -0.98724 
     0.92079      0.06989      0.07915     -0.93183 
     0.93069      0.05991      0.06926     -0.86961 
     0.94059      0.04992      0.05937     -0.79848 
     0.95050      0.03994      0.04947     -0.71516 
     0.96040      0.02996      0.03958     -0.61415 
     0.97030      0.01997      0.02969     -0.48514 
     0.98020      0.00999      0.01979     -0.30502 
