x v u error 
     0.00000      0.00000      0.00000      0.00000 
     0.00100      0.00005      0.00894     -0.00241 
     0.00200      0.01778      0.01778     -3.91861 
     0.00300      0.02653      0.02653     -3.91637 
     0.00400      0.03517      0.03518     -3.91414 
     0.00500      0.04372      0.04373     -3.91190 
     0.00599      0.05218      0.05219     -3.90967 
     0.00699      0.06054      0.06055     -3.90743 
     0.00799      0.06881      0.06882     -3.90520 
     0.00899      0.07699      0.07700     -3.90298 
     0.00999      0.08507      0.08508     -3.90075 
     0.01099      0.09307      0.09308     -3.89852 
     0.01199      0.10097      0.10099     -3.89630 
     0.01299      0.10879      0.10880     -3.89408 
     0.01399      0.11652      0.11653     -3.89186 
     0.01499      0.12416      0.12418     -3.88964 
     0.01598      0.13172      0.13174     -3.88742 
     0.01698      0.13919      0.13921     -3.88521 
     0.01798      0.14658      0.14660     -3.88300 
     0.01898      0.15388      0.15390     -3.88078 
     0.01998      0.16111      0.16113     -3.87858 
     0.02098      0.16825      0.16827     -3.87637 
     0.02198      0.17530      0.17533     -3.87416 
     0.02298      0.18228      0.18231     -3.87196 
     0.02398      0.18918      0.18921     -3.86975 
     0.02498      0.19600      0.19603     -3.86755 
     0.02597      0.20275      0.20278     -3.86535 
     0.02697      0.20941      0.20944     -3.86315 
     0.02797      0.21600      0.21603     -3.86096 
     0.02897      0.22252      0.22255     -3.85876 
     0.02997      0.22896      0.22899     -3.85657 
     0.03097      0.23533      0.23536     -3.85438 
     0.03197      0.24162      0.24165     -3.85219 
     0.03297      0.24784      0.24787     -3.85001 
     0.03397      0.25399      0.25402     -3.84782 
     0.03497      0.26006      0.26010     -3.84564 
     0.03596      0.26607      0.26611     -3.84346 
     0.03696      0.27201      0.27205     -3.84128 
     0.03796      0.27788      0.27792     -3.83910 
     0.03896      0.28368      0.28372     -3.83692 
     0.03996      0.28941      0.28945     -3.83475 
     0.04096      0.29508      0.29512     -3.83257 
     0.04196      0.30068      0.30072     -3.83040 
     0.04296      0.30621      0.30626     -3.82823 
     0.04396      0.31168      0.31173     -3.82607 
     0.04496      0.31708      0.31713     -3.82390 
     0.04595      0.32243      0.32247     -3.82174 
     0.04695      0.32770      0.32775     -3.81957 
     0.04795      0.33292      0.33297     -3.81741 
     0.04895      0.33807      0.33812     -3.81525 
     0.04995      0.34317      0.34322     -3.81310 
     0.05095      0.34820      0.34825     -3.81094 
     0.05195      0.35317      0.35322     -3.80879 
     0.05295      0.35808      0.35814     -3.80664 
     0.05395      0.36294      0.36299     -3.80449 
     0.05495      0.36773      0.36779     -3.80234 
     0.05594      0.37247      0.37253     -3.80020 
     0.05694      0.37715      0.37721     -3.79805 
     0.05794      0.38178      0.38184     -3.79591 
     0.05894      0.38635      0.38641     -3.79377 
     0.05994      0.39086      0.39092     -3.79163 
     0.06094      0.39532      0.39538     -3.78950 
     0.06194      0.39972      0.39979     -3.78736 
     0.06294      0.40407      0.40414     -3.78523 
     0.06394      0.40837      0.40844     -3.78310 
     0.06494      0.41261      0.41268     -3.78097 
     0.06593      0.41681      0.41688     -3.77884 
     0.06693      0.42095      0.42102     -3.77671 
     0.06793      0.42504      0.42511     -3.77459 
     0.06893      0.42908      0.42915     -3.77247 
     0.06993      0.43307      0.43314     -3.77035 
     0.07093      0.43701      0.43708     -3.76823 
     0.07193      0.44090      0.44097     -3.76612 
     0.07293      0.44474      0.44482     -3.76400 
     0.07393      0.44853      0.44861     -3.76189 
     0.07493      0.45228      0.45236     -3.75978 
     0.07592      0.45598      0.45606     -3.75767 
     0.07692      0.45963      0.45971     -3.75556 
     0.07792      0.46324      0.46332     -3.75346 
     0.07892      0.46680      0.46688     -3.75135 
     0.07992      0.47031      0.47040     -3.74925 
     0.08092      0.47378      0.47387     -3.74715 
     0.08192      0.47721      0.47729     -3.74505 
     0.08292      0.48059      0.48068     -3.74296 
     0.08392      0.48393      0.48401     -3.74086 
     0.08492      0.48722      0.48731     -3.73877 
     0.08591      0.49047      0.49056     -3.73668 
     0.08691      0.49368      0.49378     -3.73459 
     0.08791      0.49685      0.49694     -3.73251 
     0.08891      0.49998      0.50007     -3.73042 
     0.08991      0.50306      0.50316     -3.72834 
     0.09091      0.50611      0.50620     -3.72626 
     0.09191      0.50911      0.50921     -3.72418 
     0.09291      0.51208      0.51218     -3.72210 
     0.09391      0.51501      0.51510     -3.72003 
     0.09491      0.51789      0.51799     -3.71795 
     0.09590      0.52074      0.52084     -3.71588 
     0.09690      0.52355      0.52365     -3.71381 
     0.09790      0.52632      0.52642     -3.71174 
     0.09890      0.52906      0.52916     -3.70968 
     0.09990      0.53175      0.53186     -3.70761 
     0.10090      0.53441      0.53452     -3.70555 
     0.10190      0.53704      0.53714     -3.70349 
     0.10290      0.53963      0.53973     -3.70143 
     0.10390      0.54218      0.54229     -3.69938 
     0.10490      0.54470      0.54480     -3.69732 
     0.10589      0.54718      0.54729     -3.69527 
     0.10689      0.54962      0.54974     -3.69322 
     0.10789      0.55204      0.55215     -3.69117 
     0.10889      0.55442      0.55453     -3.68912 
     0.10989      0.55676      0.55688     -3.68707 
     0.11089      0.55908      0.55919     -3.68503 
     0.11189      0.56136      0.56147     -3.68299 
     0.11289      0.56360      0.56372     -3.68095 
     0.11389      0.56582      0.56594     -3.67891 
     0.11489      0.56800      0.56812     -3.67687 
     0.11588      0.57015      0.57027     -3.67484 
     0.11688      0.57227      0.57239     -3.67281 
     0.11788      0.57436      0.57448     -3.67078 
     0.11888      0.57642      0.57654     -3.66875 
     0.11988      0.57845      0.57857     -3.66672 
     0.12088      0.58044      0.58057     -3.66469 
     0.12188      0.58241      0.58254     -3.66267 
     0.12288      0.58435      0.58448     -3.66065 
     0.12388      0.58626      0.58639     -3.65863 
     0.12488      0.58814      0.58827     -3.65661 
     0.12587      0.58999      0.59012     -3.65459 
     0.12687      0.59181      0.59194     -3.65258 
     0.12787      0.59361      0.59374     -3.65057 
     0.12887      0.59538      0.59551     -3.64856 
     0.12987      0.59712      0.59725     -3.64655 
     0.13087      0.59883      0.59896     -3.64454 
     0.13187      0.60051      0.60065     -3.64254 
     0.13287      0.60217      0.60231     -3.64053 
     0.13387      0.60380      0.60394     -3.63853 
     0.13487      0.60541      0.60555     -3.63653 
     0.13586      0.60699      0.60713     -3.63453 
     0.13686      0.60855      0.60869     -3.63254 
     0.13786      0.61008      0.61022     -3.63054 
     0.13886      0.61158      0.61172     -3.62855 
     0.13986      0.61306      0.61320     -3.62656 
     0.14086      0.61451      0.61466     -3.62457 
     0.14186      0.61594      0.61609     -3.62258 
     0.14286      0.61735      0.61750     -3.62060 
     0.14386      0.61873      0.61888     -3.61861 
     0.14486      0.62009      0.62024     -3.61663 
     0.14585      0.62143      0.62158     -3.61465 
     0.14685      0.62274      0.62289     -3.61267 
     0.14785      0.62403      0.62418     -3.61070 
     0.14885      0.62529      0.62545     -3.60872 
     0.14985      0.62654      0.62669     -3.60675 
     0.15085      0.62776      0.62791     -3.60478 
     0.15185      0.62896      0.62911     -3.60281 
     0.15285      0.63013      0.63029     -3.60084 
     0.15385      0.63129      0.63145     -3.59888 
     0.15485      0.63242      0.63258     -3.59691 
     0.15584      0.63354      0.63370     -3.59495 
     0.15684      0.63463      0.63479     -3.59299 
     0.15784      0.63570      0.63586     -3.59103 
     0.15884      0.63675      0.63692     -3.58908 
     0.15984      0.63778      0.63795     -3.58712 
     0.16084      0.63879      0.63896     -3.58517 
     0.16184      0.63978      0.63995     -3.58322 
     0.16284      0.64075      0.64092     -3.58127 
     0.16384      0.64170      0.64187     -3.57932 
     0.16484      0.64264      0.64281     -3.57737 
     0.16583      0.64355      0.64372     -3.57543 
     0.16683      0.64444      0.64461     -3.57348 
     0.16783      0.64532      0.64549     -3.57154 
     0.16883      0.64617      0.64635     -3.56960 
     0.16983      0.64701      0.64718     -3.56767 
     0.17083      0.64783      0.64800     -3.56573 
     0.17183      0.64863      0.64881     -3.56379 
     0.17283      0.64941      0.64959     -3.56186 
     0.17383      0.65018      0.65036     -3.55993 
     0.17483      0.65092      0.65110     -3.55800 
     0.17582      0.65166      0.65184     -3.55607 
     0.17682      0.65237      0.65255     -3.55415 
     0.17782      0.65306      0.65325     -3.55223 
     0.17882      0.65374      0.65393     -3.55030 
     0.17982      0.65441      0.65459     -3.54838 
     0.18082      0.65505      0.65524     -3.54646 
     0.18182      0.65568      0.65587     -3.54455 
     0.18282      0.65630      0.65648     -3.54263 
     0.18382      0.65689      0.65708     -3.54072 
     0.18482      0.65747      0.65767     -3.53880 
     0.18581      0.65804      0.65823     -3.53689 
     0.18681      0.65859      0.65878     -3.53498 
     0.18781      0.65913      0.65932     -3.53308 
     0.18881      0.65965      0.65984     -3.53117 
     0.18981      0.66015      0.66035     -3.52927 
     0.19081      0.66064      0.66084     -3.52737 
     0.19181      0.66111      0.66131     -3.52547 
     0.19281      0.66158      0.66177     -3.52357 
     0.19381      0.66202      0.66222     -3.52167 
     0.19481      0.66245      0.66265     -3.51977 
     0.19580      0.66287      0.66307     -3.51788 
     0.19680      0.66327      0.66347     -3.51599 
     0.19780      0.66366      0.66386     -3.51410 
     0.19880      0.66404      0.66424     -3.51221 
     0.19980      0.66440      0.66460     -3.51032 
     0.20080      0.66475      0.66495     -3.50843 
     0.20180      0.66508      0.66529     -3.50655 
     0.20280      0.66540      0.66561     -3.50467 
     0.20380      0.66571      0.66592     -3.50278 
     0.20480      0.66601      0.66622     -3.50091 
     0.20579      0.66629      0.66650     -3.49903 
     0.20679      0.66656      0.66677     -3.49715 
     0.20779      0.66681      0.66703     -3.49528 
     0.20879      0.66706      0.66727     -3.49340 
     0.20979      0.66729      0.66751     -3.49153 
     0.21079      0.66751      0.66773     -3.48966 
     0.21179      0.66772      0.66794     -3.48779 
     0.21279      0.66791      0.66813     -3.48593 
     0.21379      0.66810      0.66832     -3.48406 
     0.21479      0.66827      0.66849     -3.48220 
     0.21578      0.66843      0.66865     -3.48033 
     0.21678      0.66858      0.66880     -3.47847 
     0.21778      0.66872      0.66894     -3.47661 
     0.21878      0.66884      0.66907     -3.47476 
     0.21978      0.66896      0.66918     -3.47290 
     0.22078      0.66906      0.66929     -3.47105 
     0.22178      0.66915      0.66938     -3.46919 
     0.22278      0.66924      0.66946     -3.46734 
     0.22378      0.66931      0.66954     -3.46549 
     0.22478      0.66937      0.66960     -3.46364 
     0.22577      0.66942      0.66965     -3.46179 
     0.22677      0.66946      0.66969     -3.45995 
     0.22777      0.66949      0.66972     -3.45811 
     0.22877      0.66951      0.66974     -3.45626 
     0.22977      0.66952      0.66975     -3.45442 
     0.23077      0.66951      0.66975     -3.45258 
     0.23177      0.66950      0.66974     -3.45074 
     0.23277      0.66948      0.66972     -3.44891 
     0.23377      0.66945      0.66969     -3.44707 
     0.23477      0.66941      0.66965     -3.44524 
     0.23576      0.66936      0.66960     -3.44341 
     0.23676      0.66930      0.66955     -3.44157 
     0.23776      0.66923      0.66948     -3.43975 
     0.23876      0.66916      0.66940     -3.43792 
     0.23976      0.66907      0.66931     -3.43609 
     0.24076      0.66897      0.66922     -3.43427 
     0.24176      0.66887      0.66912     -3.43244 
     0.24276      0.66875      0.66900     -3.43062 
     0.24376      0.66863      0.66888     -3.42880 
     0.24476      0.66850      0.66875     -3.42698 
     0.24575      0.66836      0.66861     -3.42516 
     0.24675      0.66821      0.66846     -3.42334 
     0.24775      0.66805      0.66831     -3.42153 
     0.24875      0.66789      0.66814     -3.41971 
     0.24975      0.66772      0.66797     -3.41790 
     0.25075      0.66753      0.66779     -3.41609 
     0.25175      0.66734      0.66760     -3.41428 
     0.25275      0.66715      0.66740     -3.41247 
     0.25375      0.66694      0.66720     -3.41067 
     0.25475      0.66673      0.66699     -3.40886 
     0.25574      0.66650      0.66676     -3.40706 
     0.25674      0.66627      0.66654     -3.40525 
     0.25774      0.66604      0.66630     -3.40345 
     0.25874      0.66579      0.66606     -3.40165 
     0.25974      0.66554      0.66580     -3.39985 
     0.26074      0.66528      0.66555     -3.39805 
     0.26174      0.66501      0.66528     -3.39626 
     0.26274      0.66474      0.66501     -3.39446 
     0.26374      0.66446      0.66473     -3.39267 
     0.26474      0.66417      0.66444     -3.39088 
     0.26573      0.66387      0.66414     -3.38908 
     0.26673      0.66357      0.66384     -3.38730 
     0.26773      0.66326      0.66353     -3.38551 
     0.26873      0.66294      0.66322     -3.38372 
     0.26973      0.66262      0.66289     -3.38193 
     0.27073      0.66229      0.66257     -3.38015 
     0.27173      0.66195      0.66223     -3.37836 
     0.27273      0.66161      0.66189     -3.37658 
     0.27373      0.66126      0.66154     -3.37480 
     0.27473      0.66090      0.66118     -3.37302 
     0.27572      0.66054      0.66082     -3.37124 
     0.27672      0.66017      0.66045     -3.36947 
     0.27772      0.65980      0.66008     -3.36769 
     0.27872      0.65941      0.65970     -3.36592 
     0.27972      0.65903      0.65931     -3.36414 
     0.28072      0.65863      0.65892     -3.36237 
     0.28172      0.65823      0.65852     -3.36060 
     0.28272      0.65783      0.65812     -3.35883 
     0.28372      0.65742      0.65770     -3.35706 
     0.28472      0.65700      0.65729     -3.35529 
     0.28571      0.65658      0.65687     -3.35352 
     0.28671      0.65615      0.65644     -3.35176 
     0.28771      0.65571      0.65600     -3.35000 
     0.28871      0.65527      0.65556     -3.34823 
     0.28971      0.65482      0.65512     -3.34647 
     0.29071      0.65437      0.65467     -3.34471 
     0.29171      0.65392      0.65421     -3.34295 
     0.29271      0.65345      0.65375     -3.34119 
     0.29371      0.65299      0.65329     -3.33944 
     0.29471      0.65251      0.65281     -3.33768 
     0.29570      0.65204      0.65234     -3.33592 
     0.29670      0.65155      0.65185     -3.33417 
     0.29770      0.65106      0.65137     -3.33242 
     0.29870      0.65057      0.65087     -3.33067 
     0.29970      0.65007      0.65038     -3.32892 
     0.30070      0.64957      0.64987     -3.32717 
     0.30170      0.64906      0.64937     -3.32542 
     0.30270      0.64855      0.64885     -3.32367 
     0.30370      0.64803      0.64834     -3.32192 
     0.30470      0.64751      0.64782     -3.32018 
     0.30569      0.64698      0.64729     -3.31843 
     0.30669      0.64644      0.64676     -3.31669 
     0.30769      0.64591      0.64622     -3.31495 
     0.30869      0.64537      0.64568     -3.31321 
     0.30969      0.64482      0.64513     -3.31147 
     0.31069      0.64427      0.64459     -3.30973 
     0.31169      0.64371      0.64403     -3.30799 
     0.31269      0.64315      0.64347     -3.30626 
     0.31369      0.64259      0.64291     -3.30452 
     0.31469      0.64202      0.64234     -3.30278 
     0.31568      0.64145      0.64177     -3.30105 
     0.31668      0.64087      0.64119     -3.29932 
     0.31768      0.64029      0.64061     -3.29759 
     0.31868      0.63971      0.64003     -3.29586 
     0.31968      0.63912      0.63944     -3.29413 
     0.32068      0.63852      0.63885     -3.29240 
     0.32168      0.63793      0.63825     -3.29067 
     0.32268      0.63732      0.63765     -3.28894 
     0.32368      0.63672      0.63705     -3.28722 
     0.32468      0.63611      0.63644     -3.28549 
     0.32567      0.63550      0.63583     -3.28377 
     0.32667      0.63488      0.63521     -3.28204 
     0.32767      0.63426      0.63459     -3.28032 
     0.32867      0.63363      0.63397     -3.27860 
     0.32967      0.63300      0.63334     -3.27688 
     0.33067      0.63237      0.63271     -3.27516 
     0.33167      0.63174      0.63207     -3.27344 
     0.33267      0.63110      0.63144     -3.27172 
     0.33367      0.63045      0.63079     -3.27001 
     0.33467      0.62981      0.63015     -3.26829 
     0.33566      0.62916      0.62950     -3.26657 
     0.33666      0.62850      0.62885     -3.26486 
     0.33766      0.62785      0.62819     -3.26315 
     0.33866      0.62719      0.62753     -3.26143 
     0.33966      0.62652      0.62687     -3.25972 
     0.34066      0.62586      0.62620     -3.25801 
     0.34166      0.62519      0.62553     -3.25630 
     0.34266      0.62451      0.62486     -3.25459 
     0.34366      0.62384      0.62418     -3.25288 
     0.34466      0.62316      0.62351     -3.25118 
     0.34565      0.62247      0.62282     -3.24947 
     0.34665      0.62179      0.62214     -3.24776 
     0.34765      0.62110      0.62145     -3.24606 
     0.34865      0.62040      0.62076     -3.24435 
     0.34965      0.61971      0.62006     -3.24265 
     0.35065      0.61901      0.61936     -3.24095 
     0.35165      0.61831      0.61866     -3.23924 
     0.35265      0.61760      0.61796     -3.23754 
     0.35365      0.61689      0.61725     -3.23584 
     0.35465      0.61618      0.61654     -3.23414 
     0.35564      0.61547      0.61583     -3.23244 
     0.35664      0.61475      0.61512     -3.23074 
     0.35764      0.61404      0.61440     -3.22905 
     0.35864      0.61331      0.61368     -3.22735 
     0.35964      0.61259      0.61295     -3.22565 
     0.36064      0.61186      0.61223     -3.22396 
     0.36164      0.61113      0.61150     -3.22226 
     0.36264      0.61040      0.61077     -3.22057 
     0.36364      0.60966      0.61003     -3.21887 
     0.36464      0.60893      0.60930     -3.21718 
     0.36563      0.60818      0.60856     -3.21549 
     0.36663      0.60744      0.60781     -3.21380 
     0.36763      0.60670      0.60707     -3.21211 
     0.36863      0.60595      0.60632     -3.21042 
     0.36963      0.60520      0.60557     -3.20873 
     0.37063      0.60444      0.60482     -3.20704 
     0.37163      0.60369      0.60406     -3.20535 
     0.37263      0.60293      0.60331     -3.20366 
     0.37363      0.60217      0.60255     -3.20197 
     0.37463      0.60141      0.60179     -3.20029 
     0.37562      0.60064      0.60102     -3.19860 
     0.37662      0.59987      0.60025     -3.19692 
     0.37762      0.59910      0.59949     -3.19523 
     0.37862      0.59833      0.59871     -3.19355 
     0.37962      0.59756      0.59794     -3.19186 
     0.38062      0.59678      0.59717     -3.19018 
     0.38162      0.59600      0.59639     -3.18850 
     0.38262      0.59522      0.59561     -3.18682 
     0.38362      0.59444      0.59482     -3.18513 
     0.38462      0.59365      0.59404     -3.18345 
     0.38561      0.59286      0.59325     -3.18177 
     0.38661      0.59207      0.59247     -3.18009 
     0.38761      0.59128      0.59167     -3.17841 
     0.38861      0.59049      0.59088     -3.17673 
     0.38961      0.58969      0.59009     -3.17506 
     0.39061      0.58889      0.58929     -3.17338 
     0.39161      0.58809      0.58849     -3.17170 
     0.39261      0.58729      0.58769     -3.17002 
     0.39361      0.58649      0.58689     -3.16835 
     0.39461      0.58568      0.58608     -3.16667 
     0.39560      0.58487      0.58527     -3.16499 
     0.39660      0.58406      0.58447     -3.16332 
     0.39760      0.58325      0.58366     -3.16164 
     0.39860      0.58244      0.58284     -3.15997 
     0.39960      0.58162      0.58203     -3.15830 
     0.40060      0.58081      0.58121     -3.15662 
     0.40160      0.57999      0.58039     -3.15495 
     0.40260      0.57917      0.57957     -3.15328 
     0.40360      0.57835      0.57875     -3.15160 
     0.40460      0.57752      0.57793     -3.14993 
     0.40559      0.57669      0.57710     -3.14826 
     0.40659      0.57587      0.57628     -3.14659 
     0.40759      0.57504      0.57545     -3.14492 
     0.40859      0.57421      0.57462     -3.14325 
     0.40959      0.57337      0.57379     -3.14158 
     0.41059      0.57254      0.57295     -3.13991 
     0.41159      0.57170      0.57212     -3.13824 
     0.41259      0.57086      0.57128     -3.13657 
     0.41359      0.57003      0.57044     -3.13490 
     0.41459      0.56918      0.56960     -3.13323 
     0.41558      0.56834      0.56876     -3.13156 
     0.41658      0.56750      0.56792     -3.12990 
     0.41758      0.56665      0.56707     -3.12823 
     0.41858      0.56580      0.56623     -3.12656 
     0.41958      0.56496      0.56538     -3.12489 
     0.42058      0.56411      0.56453     -3.12323 
     0.42158      0.56325      0.56368     -3.12156 
     0.42258      0.56240      0.56283     -3.11989 
     0.42358      0.56155      0.56197     -3.11823 
     0.42458      0.56069      0.56112     -3.11656 
     0.42557      0.55983      0.56026     -3.11489 
     0.42657      0.55897      0.55940     -3.11323 
     0.42757      0.55811      0.55855     -3.11156 
     0.42857      0.55725      0.55768     -3.10990 
     0.42957      0.55639      0.55682     -3.10823 
     0.43057      0.55552      0.55596     -3.10657 
     0.43157      0.55466      0.55509     -3.10490 
     0.43257      0.55379      0.55423     -3.10324 
     0.43357      0.55292      0.55336     -3.10157 
     0.43457      0.55205      0.55249     -3.09991 
     0.43556      0.55118      0.55162     -3.09825 
     0.43656      0.55031      0.55075     -3.09658 
     0.43756      0.54944      0.54988     -3.09492 
     0.43856      0.54856      0.54900     -3.09325 
     0.43956      0.54768      0.54813     -3.09159 
     0.44056      0.54681      0.54725     -3.08993 
     0.44156      0.54593      0.54637     -3.08826 
     0.44256      0.54505      0.54550     -3.08660 
     0.44356      0.54417      0.54462     -3.08494 
     0.44456      0.54329      0.54373     -3.08327 
     0.44555      0.54240      0.54285     -3.08161 
     0.44655      0.54152      0.54197     -3.07995 
     0.44755      0.54063      0.54108     -3.07828 
     0.44855      0.53975      0.54020     -3.07662 
     0.44955      0.53886      0.53931     -3.07496 
     0.45055      0.53797      0.53842     -3.07329 
     0.45155      0.53708      0.53753     -3.07163 
     0.45255      0.53619      0.53664     -3.06997 
     0.45355      0.53529      0.53575     -3.06830 
     0.45455      0.53440      0.53486     -3.06664 
     0.45554      0.53351      0.53397     -3.06498 
     0.45654      0.53261      0.53307     -3.06331 
     0.45754      0.53171      0.53218     -3.06165 
     0.45854      0.53082      0.53128     -3.05999 
     0.45954      0.52992      0.53038     -3.05832 
     0.46054      0.52902      0.52948     -3.05666 
     0.46154      0.52812      0.52858     -3.05500 
     0.46254      0.52722      0.52768     -3.05333 
     0.46354      0.52631      0.52678     -3.05167 
     0.46454      0.52541      0.52588     -3.05001 
     0.46553      0.52451      0.52498     -3.04834 
     0.46653      0.52360      0.52407     -3.04668 
     0.46753      0.52269      0.52317     -3.04501 
     0.46853      0.52179      0.52226     -3.04335 
     0.46953      0.52088      0.52135     -3.04168 
     0.47053      0.51997      0.52044     -3.04002 
     0.47153      0.51906      0.51954     -3.03835 
     0.47253      0.51815      0.51863     -3.03669 
     0.47353      0.51724      0.51771     -3.03502 
     0.47453      0.51632      0.51680     -3.03336 
     0.47552      0.51541      0.51589     -3.03169 
     0.47652      0.51450      0.51498     -3.03003 
     0.47752      0.51358      0.51406     -3.02836 
     0.47852      0.51267      0.51315     -3.02669 
     0.47952      0.51175      0.51223     -3.02503 
     0.48052      0.51083      0.51132     -3.02336 
     0.48152      0.50991      0.51040     -3.02169 
     0.48252      0.50899      0.50948     -3.02002 
     0.48352      0.50807      0.50856     -3.01836 
     0.48452      0.50715      0.50764     -3.01669 
     0.48551      0.50623      0.50672     -3.01502 
     0.48651      0.50531      0.50580     -3.01335 
     0.48751      0.50438      0.50488     -3.01168 
     0.48851      0.50346      0.50395     -3.01001 
     0.48951      0.50254      0.50303     -3.00834 
     0.49051      0.50161      0.50210     -3.00667 
     0.49151      0.50068      0.50118     -3.00500 
     0.49251      0.49976      0.50025     -3.00333 
     0.49351      0.49883      0.49933     -3.00166 
     0.49451      0.49790      0.49840     -2.99999 
     0.49550      0.49697      0.49747     -2.99832 
     0.49650      0.49604      0.49654     -2.99664 
     0.49750      0.49511      0.49561     -2.99497 
     0.49850      0.49418      0.49468     -2.99330 
     0.49950      0.49325      0.49375     -2.99162 
     0.50050      0.49231      0.49282     -2.98995 
     0.50150      0.49138      0.49189     -2.98827 
     0.50250      0.49045      0.49095     -2.98660 
     0.50350      0.48951      0.49002     -2.98492 
     0.50450      0.48858      0.48909     -2.98325 
     0.50549      0.48764      0.48815     -2.98157 
     0.50649      0.48670      0.48722     -2.97989 
     0.50749      0.48577      0.48628     -2.97822 
     0.50849      0.48483      0.48534     -2.97654 
     0.50949      0.48389      0.48440     -2.97486 
     0.51049      0.48295      0.48347     -2.97318 
     0.51149      0.48201      0.48253     -2.97150 
     0.51249      0.48107      0.48159     -2.96982 
     0.51349      0.48013      0.48065     -2.96814 
     0.51449      0.47919      0.47971     -2.96646 
     0.51548      0.47825      0.47877     -2.96478 
     0.51648      0.47731      0.47783     -2.96309 
     0.51748      0.47636      0.47688     -2.96141 
     0.51848      0.47542      0.47594     -2.95972 
     0.51948      0.47447      0.47500     -2.95804 
     0.52048      0.47353      0.47405     -2.95635 
     0.52148      0.47258      0.47311     -2.95467 
     0.52248      0.47164      0.47216     -2.95298 
     0.52348      0.47069      0.47122     -2.95129 
     0.52448      0.46975      0.47027     -2.94961 
     0.52547      0.46880      0.46933     -2.94792 
     0.52647      0.46785      0.46838     -2.94623 
     0.52747      0.46690      0.46743     -2.94454 
     0.52847      0.46595      0.46648     -2.94285 
     0.52947      0.46500      0.46554     -2.94115 
     0.53047      0.46405      0.46459     -2.93946 
     0.53147      0.46310      0.46364     -2.93777 
     0.53247      0.46215      0.46269     -2.93607 
     0.53347      0.46120      0.46174     -2.93438 
     0.53447      0.46025      0.46079     -2.93268 
     0.53546      0.45929      0.45983     -2.93099 
     0.53646      0.45834      0.45888     -2.92929 
     0.53746      0.45739      0.45793     -2.92759 
     0.53846      0.45643      0.45698     -2.92589 
     0.53946      0.45548      0.45602     -2.92419 
     0.54046      0.45453      0.45507     -2.92249 
     0.54146      0.45357      0.45411     -2.92079 
     0.54246      0.45261      0.45316     -2.91909 
     0.54346      0.45166      0.45221     -2.91738 
     0.54446      0.45070      0.45125     -2.91568 
     0.54545      0.44974      0.45029     -2.91397 
     0.54645      0.44879      0.44934     -2.91227 
     0.54745      0.44783      0.44838     -2.91056 
     0.54845      0.44687      0.44742     -2.90885 
     0.54945      0.44591      0.44647     -2.90714 
     0.55045      0.44495      0.44551     -2.90543 
     0.55145      0.44399      0.44455     -2.90372 
     0.55245      0.44303      0.44359     -2.90201 
     0.55345      0.44207      0.44263     -2.90029 
     0.55445      0.44111      0.44167     -2.89858 
     0.55544      0.44015      0.44071     -2.89686 
     0.55644      0.43919      0.43975     -2.89515 
     0.55744      0.43823      0.43879     -2.89343 
     0.55844      0.43727      0.43783     -2.89171 
     0.55944      0.43630      0.43687     -2.88999 
     0.56044      0.43534      0.43590     -2.88827 
     0.56144      0.43438      0.43494     -2.88655 
     0.56244      0.43341      0.43398     -2.88482 
     0.56344      0.43245      0.43302     -2.88310 
     0.56444      0.43148      0.43205     -2.88137 
     0.56543      0.43052      0.43109     -2.87965 
     0.56643      0.42955      0.43012     -2.87792 
     0.56743      0.42859      0.42916     -2.87619 
     0.56843      0.42762      0.42820     -2.87446 
     0.56943      0.42666      0.42723     -2.87273 
     0.57043      0.42569      0.42626     -2.87099 
     0.57143      0.42472      0.42530     -2.86926 
     0.57243      0.42376      0.42433     -2.86752 
     0.57343      0.42279      0.42337     -2.86579 
     0.57443      0.42182      0.42240     -2.86405 
     0.57542      0.42085      0.42143     -2.86231 
     0.57642      0.41989      0.42046     -2.86057 
     0.57742      0.41892      0.41950     -2.85883 
     0.57842      0.41795      0.41853     -2.85708 
     0.57942      0.41698      0.41756     -2.85534 
     0.58042      0.41601      0.41659     -2.85359 
     0.58142      0.41504      0.41562     -2.85184 
     0.58242      0.41407      0.41465     -2.85010 
     0.58342      0.41310      0.41368     -2.84834 
     0.58442      0.41213      0.41271     -2.84659 
     0.58541      0.41116      0.41174     -2.84484 
     0.58641      0.41018      0.41077     -2.84308 
     0.58741      0.40921      0.40980     -2.84133 
     0.58841      0.40824      0.40883     -2.83957 
     0.58941      0.40727      0.40786     -2.83781 
     0.59041      0.40630      0.40689     -2.83605 
     0.59141      0.40532      0.40592     -2.83429 
     0.59241      0.40435      0.40495     -2.83252 
     0.59341      0.40338      0.40397     -2.83076 
     0.59441      0.40240      0.40300     -2.82899 
     0.59540      0.40143      0.40203     -2.82722 
     0.59640      0.40045      0.40105     -2.82545 
     0.59740      0.39948      0.40008     -2.82368 
     0.59840      0.39851      0.39911     -2.82190 
     0.59940      0.39753      0.39813     -2.82013 
     0.60040      0.39656      0.39716     -2.81835 
     0.60140      0.39558      0.39618     -2.81657 
     0.60240      0.39460      0.39521     -2.81479 
     0.60340      0.39363      0.39423     -2.81301 
     0.60440      0.39265      0.39326     -2.81122 
     0.60539      0.39168      0.39228     -2.80944 
     0.60639      0.39070      0.39131     -2.80765 
     0.60739      0.38972      0.39033     -2.80586 
     0.60839      0.38875      0.38936     -2.80407 
     0.60939      0.38777      0.38838     -2.80227 
     0.61039      0.38679      0.38740     -2.80048 
     0.61139      0.38581      0.38643     -2.79868 
     0.61239      0.38483      0.38545     -2.79688 
     0.61339      0.38386      0.38447     -2.79508 
     0.61439      0.38288      0.38350     -2.79328 
     0.61538      0.38190      0.38252     -2.79147 
     0.61638      0.38092      0.38154     -2.78967 
     0.61738      0.37994      0.38056     -2.78786 
     0.61838      0.37896      0.37958     -2.78605 
     0.61938      0.37798      0.37861     -2.78424 
     0.62038      0.37700      0.37763     -2.78242 
     0.62138      0.37602      0.37665     -2.78060 
     0.62238      0.37504      0.37567     -2.77879 
     0.62338      0.37406      0.37469     -2.77696 
     0.62438      0.37308      0.37371     -2.77514 
     0.62537      0.37210      0.37273     -2.77332 
     0.62637      0.37112      0.37175     -2.77149 
     0.62737      0.37014      0.37077     -2.76966 
     0.62837      0.36916      0.36979     -2.76783 
     0.62937      0.36818      0.36881     -2.76599 
     0.63037      0.36720      0.36783     -2.76416 
     0.63137      0.36621      0.36685     -2.76232 
     0.63237      0.36523      0.36587     -2.76048 
     0.63337      0.36425      0.36489     -2.75864 
     0.63437      0.36327      0.36391     -2.75679 
     0.63536      0.36229      0.36292     -2.75494 
     0.63636      0.36130      0.36194     -2.75309 
     0.63736      0.36032      0.36096     -2.75124 
     0.63836      0.35934      0.35998     -2.74939 
     0.63936      0.35835      0.35900     -2.74753 
     0.64036      0.35737      0.35801     -2.74567 
     0.64136      0.35639      0.35703     -2.74381 
     0.64236      0.35540      0.35605     -2.74194 
     0.64336      0.35442      0.35507     -2.74008 
     0.64436      0.35344      0.35408     -2.73821 
     0.64535      0.35245      0.35310     -2.73634 
     0.64635      0.35147      0.35212     -2.73446 
     0.64735      0.35048      0.35113     -2.73258 
     0.64835      0.34950      0.35015     -2.73070 
     0.64935      0.34851      0.34917     -2.72882 
     0.65035      0.34753      0.34818     -2.72694 
     0.65135      0.34654      0.34720     -2.72505 
     0.65235      0.34556      0.34621     -2.72316 
     0.65335      0.34457      0.34523     -2.72127 
     0.65435      0.34359      0.34424     -2.71937 
     0.65534      0.34260      0.34326     -2.71747 
     0.65634      0.34162      0.34228     -2.71557 
     0.65734      0.34063      0.34129     -2.71367 
     0.65834      0.33964      0.34031     -2.71176 
     0.65934      0.33866      0.33932     -2.70985 
     0.66034      0.33767      0.33833     -2.70794 
     0.66134      0.33669      0.33735     -2.70603 
     0.66234      0.33570      0.33636     -2.70411 
     0.66334      0.33471      0.33538     -2.70219 
     0.66434      0.33373      0.33439     -2.70026 
     0.66533      0.33274      0.33341     -2.69834 
     0.66633      0.33175      0.33242     -2.69641 
     0.66733      0.33076      0.33143     -2.69447 
     0.66833      0.32978      0.33045     -2.69254 
     0.66933      0.32879      0.32946     -2.69060 
     0.67033      0.32780      0.32847     -2.68865 
     0.67133      0.32681      0.32749     -2.68671 
     0.67233      0.32583      0.32650     -2.68476 
     0.67333      0.32484      0.32551     -2.68281 
     0.67433      0.32385      0.32453     -2.68085 
     0.67532      0.32286      0.32354     -2.67890 
     0.67632      0.32187      0.32255     -2.67693 
     0.67732      0.32088      0.32156     -2.67497 
     0.67832      0.31990      0.32058     -2.67300 
     0.67932      0.31891      0.31959     -2.67103 
     0.68032      0.31792      0.31860     -2.66905 
     0.68132      0.31693      0.31761     -2.66708 
     0.68232      0.31594      0.31663     -2.66509 
     0.68332      0.31495      0.31564     -2.66311 
     0.68432      0.31396      0.31465     -2.66112 
     0.68531      0.31297      0.31366     -2.65913 
     0.68631      0.31198      0.31267     -2.65713 
     0.68731      0.31099      0.31168     -2.65513 
     0.68831      0.31000      0.31069     -2.65313 
     0.68931      0.30901      0.30971     -2.65112 
     0.69031      0.30802      0.30872     -2.64911 
     0.69131      0.30703      0.30773     -2.64710 
     0.69231      0.30604      0.30674     -2.64508 
     0.69331      0.30505      0.30575     -2.64306 
     0.69431      0.30406      0.30476     -2.64103 
     0.69530      0.30307      0.30377     -2.63900 
     0.69630      0.30208      0.30278     -2.63697 
     0.69730      0.30109      0.30179     -2.63493 
     0.69830      0.30010      0.30080     -2.63289 
     0.69930      0.29911      0.29981     -2.63085 
     0.70030      0.29812      0.29882     -2.62880 
     0.70130      0.29713      0.29783     -2.62675 
     0.70230      0.29614      0.29684     -2.62469 
     0.70330      0.29515      0.29585     -2.62263 
     0.70430      0.29416      0.29486     -2.62056 
     0.70529      0.29317      0.29387     -2.61849 
     0.70629      0.29217      0.29288     -2.61642 
     0.70729      0.29118      0.29189     -2.61434 
     0.70829      0.29019      0.29090     -2.61226 
     0.70929      0.28920      0.28991     -2.61017 
     0.71029      0.28821      0.28892     -2.60808 
     0.71129      0.28722      0.28793     -2.60599 
     0.71229      0.28622      0.28694     -2.60389 
     0.71329      0.28523      0.28595     -2.60179 
     0.71429      0.28424      0.28496     -2.59968 
     0.71528      0.28325      0.28397     -2.59756 
     0.71628      0.28226      0.28297     -2.59545 
     0.71728      0.28126      0.28198     -2.59332 
     0.71828      0.28027      0.28099     -2.59120 
     0.71928      0.27928      0.28000     -2.58906 
     0.72028      0.27829      0.27901     -2.58693 
     0.72128      0.27729      0.27802     -2.58479 
     0.72228      0.27630      0.27703     -2.58264 
     0.72328      0.27531      0.27603     -2.58049 
     0.72428      0.27432      0.27504     -2.57833 
     0.72527      0.27332      0.27405     -2.57617 
     0.72627      0.27233      0.27306     -2.57401 
     0.72727      0.27134      0.27207     -2.57184 
     0.72827      0.27034      0.27107     -2.56966 
     0.72927      0.26935      0.27008     -2.56748 
     0.73027      0.26836      0.26909     -2.56529 
     0.73127      0.26736      0.26810     -2.56310 
     0.73227      0.26637      0.26711     -2.56091 
     0.73327      0.26538      0.26611     -2.55870 
     0.73427      0.26438      0.26512     -2.55650 
     0.73526      0.26339      0.26413     -2.55428 
     0.73626      0.26240      0.26314     -2.55207 
     0.73726      0.26140      0.26214     -2.54984 
     0.73826      0.26041      0.26115     -2.54761 
     0.73926      0.25942      0.26016     -2.54538 
     0.74026      0.25842      0.25916     -2.54314 
     0.74126      0.25743      0.25817     -2.54089 
     0.74226      0.25643      0.25718     -2.53864 
     0.74326      0.25544      0.25619     -2.53638 
     0.74426      0.25445      0.25519     -2.53412 
     0.74525      0.25345      0.25420     -2.53185 
     0.74625      0.25246      0.25321     -2.52957 
     0.74725      0.25146      0.25221     -2.52729 
     0.74825      0.25047      0.25122     -2.52500 
     0.74925      0.24948      0.25023     -2.52271 
     0.75025      0.24848      0.24923     -2.52041 
     0.75125      0.24749      0.24824     -2.51810 
     0.75225      0.24649      0.24725     -2.51579 
     0.75325      0.24550      0.24625     -2.51347 
     0.75425      0.24450      0.24526     -2.51115 
     0.75524      0.24351      0.24426     -2.50882 
     0.75624      0.24251      0.24327     -2.50648 
     0.75724      0.24152      0.24228     -2.50413 
     0.75824      0.24052      0.24128     -2.50178 
     0.75924      0.23953      0.24029     -2.49942 
     0.76024      0.23853      0.23930     -2.49706 
     0.76124      0.23754      0.23830     -2.49469 
     0.76224      0.23654      0.23731     -2.49231 
     0.76324      0.23555      0.23631     -2.48992 
     0.76424      0.23455      0.23532     -2.48753 
     0.76523      0.23356      0.23433     -2.48513 
     0.76623      0.23256      0.23333     -2.48272 
     0.76723      0.23157      0.23234     -2.48031 
     0.76823      0.23057      0.23134     -2.47789 
     0.76923      0.22958      0.23035     -2.47546 
     0.77023      0.22858      0.22935     -2.47302 
     0.77123      0.22759      0.22836     -2.47058 
     0.77223      0.22659      0.22736     -2.46812 
     0.77323      0.22560      0.22637     -2.46566 
     0.77423      0.22460      0.22538     -2.46320 
     0.77522      0.22360      0.22438     -2.46072 
     0.77622      0.22261      0.22339     -2.45824 
     0.77722      0.22161      0.22239     -2.45575 
     0.77822      0.22062      0.22140     -2.45325 
     0.77922      0.21962      0.22040     -2.45074 
     0.78022      0.21863      0.21941     -2.44823 
     0.78122      0.21763      0.21841     -2.44570 
     0.78222      0.21663      0.21742     -2.44317 
     0.78322      0.21564      0.21642     -2.44063 
     0.78422      0.21464      0.21543     -2.43808 
     0.78521      0.21365      0.21443     -2.43552 
     0.78621      0.21265      0.21344     -2.43296 
     0.78721      0.21165      0.21244     -2.43038 
     0.78821      0.21066      0.21145     -2.42780 
     0.78921      0.20966      0.21045     -2.42521 
     0.79021      0.20866      0.20946     -2.42260 
     0.79121      0.20767      0.20846     -2.41999 
     0.79221      0.20667      0.20747     -2.41737 
     0.79321      0.20568      0.20647     -2.41474 
     0.79421      0.20468      0.20547     -2.41210 
     0.79520      0.20368      0.20448     -2.40945 
     0.79620      0.20269      0.20348     -2.40679 
     0.79720      0.20169      0.20249     -2.40412 
     0.79820      0.20069      0.20149     -2.40145 
     0.79920      0.19970      0.20050     -2.39876 
     0.80020      0.19870      0.19950     -2.39606 
     0.80120      0.19770      0.19851     -2.39335 
     0.80220      0.19671      0.19751     -2.39063 
     0.80320      0.19571      0.19651     -2.38790 
     0.80420      0.19471      0.19552     -2.38516 
     0.80519      0.19372      0.19452     -2.38241 
     0.80619      0.19272      0.19353     -2.37965 
     0.80719      0.19172      0.19253     -2.37687 
     0.80819      0.19073      0.19154     -2.37409 
     0.80919      0.18973      0.19054     -2.37129 
     0.81019      0.18873      0.18954     -2.36849 
     0.81119      0.18774      0.18855     -2.36567 
     0.81219      0.18674      0.18755     -2.36284 
     0.81319      0.18574      0.18656     -2.36000 
     0.81419      0.18474      0.18556     -2.35715 
     0.81518      0.18375      0.18456     -2.35428 
     0.81618      0.18275      0.18357     -2.35141 
     0.81718      0.18175      0.18257     -2.34852 
     0.81818      0.18076      0.18158     -2.34562 
     0.81918      0.17976      0.18058     -2.34270 
     0.82018      0.17876      0.17958     -2.33978 
     0.82118      0.17776      0.17859     -2.33684 
     0.82218      0.17677      0.17759     -2.33388 
     0.82318      0.17577      0.17659     -2.33092 
     0.82418      0.17477      0.17560     -2.32794 
     0.82517      0.17378      0.17460     -2.32495 
     0.82617      0.17278      0.17361     -2.32194 
     0.82717      0.17178      0.17261     -2.31892 
     0.82817      0.17078      0.17161     -2.31589 
     0.82917      0.16979      0.17062     -2.31284 
     0.83017      0.16879      0.16962     -2.30978 
     0.83117      0.16779      0.16862     -2.30671 
     0.83217      0.16679      0.16763     -2.30361 
     0.83317      0.16580      0.16663     -2.30051 
     0.83417      0.16480      0.16563     -2.29739 
     0.83516      0.16380      0.16464     -2.29425 
     0.83616      0.16280      0.16364     -2.29110 
     0.83716      0.16181      0.16264     -2.28794 
     0.83816      0.16081      0.16165     -2.28475 
     0.83916      0.15981      0.16065     -2.28156 
     0.84016      0.15881      0.15965     -2.27834 
     0.84116      0.15782      0.15866     -2.27511 
     0.84216      0.15682      0.15766     -2.27186 
     0.84316      0.15582      0.15666     -2.26860 
     0.84416      0.15482      0.15567     -2.26532 
     0.84515      0.15382      0.15467     -2.26202 
     0.84615      0.15283      0.15367     -2.25870 
     0.84715      0.15183      0.15268     -2.25537 
     0.84815      0.15083      0.15168     -2.25202 
     0.84915      0.14983      0.15068     -2.24865 
     0.85015      0.14883      0.14969     -2.24526 
     0.85115      0.14784      0.14869     -2.24185 
     0.85215      0.14684      0.14769     -2.23842 
     0.85315      0.14584      0.14669     -2.23498 
     0.85415      0.14484      0.14570     -2.23151 
     0.85514      0.14384      0.14470     -2.22803 
     0.85614      0.14285      0.14370     -2.22452 
     0.85714      0.14185      0.14271     -2.22100 
     0.85814      0.14085      0.14171     -2.21745 
     0.85914      0.13985      0.14071     -2.21389 
     0.86014      0.13885      0.13972     -2.21030 
     0.86114      0.13786      0.13872     -2.20669 
     0.86214      0.13686      0.13772     -2.20306 
     0.86314      0.13586      0.13672     -2.19940 
     0.86414      0.13486      0.13573     -2.19573 
     0.86513      0.13386      0.13473     -2.19203 
     0.86613      0.13287      0.13373     -2.18830 
     0.86713      0.13187      0.13274     -2.18456 
     0.86813      0.13087      0.13174     -2.18079 
     0.86913      0.12987      0.13074     -2.17699 
     0.87013      0.12887      0.12974     -2.17317 
     0.87113      0.12787      0.12875     -2.16933 
     0.87213      0.12688      0.12775     -2.16546 
     0.87313      0.12588      0.12675     -2.16156 
     0.87413      0.12488      0.12575     -2.15764 
     0.87512      0.12388      0.12476     -2.15369 
     0.87612      0.12288      0.12376     -2.14971 
     0.87712      0.12188      0.12276     -2.14571 
     0.87812      0.12089      0.12176     -2.14167 
     0.87912      0.11989      0.12077     -2.13761 
     0.88012      0.11889      0.11977     -2.13352 
     0.88112      0.11789      0.11877     -2.12940 
     0.88212      0.11689      0.11777     -2.12525 
     0.88312      0.11589      0.11678     -2.12107 
     0.88412      0.11489      0.11578     -2.11686 
     0.88511      0.11390      0.11478     -2.11262 
     0.88611      0.11290      0.11378     -2.10834 
     0.88711      0.11190      0.11279     -2.10403 
     0.88811      0.11090      0.11179     -2.09969 
     0.88911      0.10990      0.11079     -2.09531 
     0.89011      0.10890      0.10979     -2.09090 
     0.89111      0.10791      0.10880     -2.08645 
     0.89211      0.10691      0.10780     -2.08197 
     0.89311      0.10591      0.10680     -2.07745 
     0.89411      0.10491      0.10580     -2.07289 
     0.89510      0.10391      0.10481     -2.06830 
     0.89610      0.10291      0.10381     -2.06367 
     0.89710      0.10191      0.10281     -2.05899 
     0.89810      0.10091      0.10181     -2.05428 
     0.89910      0.09992      0.10082     -2.04952 
     0.90010      0.09892      0.09982     -2.04473 
     0.90110      0.09792      0.09882     -2.03989 
     0.90210      0.09692      0.09782     -2.03500 
     0.90310      0.09592      0.09682     -2.03007 
     0.90410      0.09492      0.09583     -2.02510 
     0.90509      0.09392      0.09483     -2.02008 
     0.90609      0.09292      0.09383     -2.01501 
     0.90709      0.09193      0.09283     -2.00989 
     0.90809      0.09093      0.09184     -2.00473 
     0.90909      0.08993      0.09084     -1.99951 
     0.91009      0.08893      0.08984     -1.99424 
     0.91109      0.08793      0.08884     -1.98891 
     0.91209      0.08693      0.08784     -1.98354 
     0.91309      0.08593      0.08685     -1.97811 
     0.91409      0.08493      0.08585     -1.97262 
     0.91508      0.08394      0.08485     -1.96707 
     0.91608      0.08294      0.08385     -1.96146 
     0.91708      0.08194      0.08285     -1.95579 
     0.91808      0.08094      0.08186     -1.95006 
     0.91908      0.07994      0.08086     -1.94427 
     0.92008      0.07894      0.07986     -1.93840 
     0.92108      0.07794      0.07886     -1.93248 
     0.92208      0.07694      0.07787     -1.92648 
     0.92308      0.07594      0.07687     -1.92041 
     0.92408      0.07494      0.07587     -1.91427 
     0.92507      0.07395      0.07487     -1.90805 
     0.92607      0.07295      0.07387     -1.90176 
     0.92707      0.07195      0.07288     -1.89539 
     0.92807      0.07095      0.07188     -1.88894 
     0.92907      0.06995      0.07088     -1.88240 
     0.93007      0.06895      0.06988     -1.87578 
     0.93107      0.06795      0.06888     -1.86907 
     0.93207      0.06695      0.06788     -1.86227 
     0.93307      0.06595      0.06689     -1.85538 
     0.93407      0.06495      0.06589     -1.84839 
     0.93506      0.06396      0.06489     -1.84130 
     0.93606      0.06296      0.06389     -1.83411 
     0.93706      0.06196      0.06289     -1.82681 
     0.93806      0.06096      0.06190     -1.81940 
     0.93906      0.05996      0.06090     -1.81189 
     0.94006      0.05896      0.05990     -1.80425 
     0.94106      0.05796      0.05890     -1.79650 
     0.94206      0.05696      0.05790     -1.78862 
     0.94306      0.05596      0.05691     -1.78061 
     0.94406      0.05496      0.05591     -1.77247 
     0.94505      0.05396      0.05491     -1.76419 
     0.94605      0.05297      0.05391     -1.75577 
     0.94705      0.05197      0.05291     -1.74720 
     0.94805      0.05097      0.05191     -1.73847 
     0.94905      0.04997      0.05092     -1.72959 
     0.95005      0.04897      0.04992     -1.72053 
     0.95105      0.04797      0.04892     -1.71131 
     0.95205      0.04697      0.04792     -1.70190 
     0.95305      0.04597      0.04692     -1.69231 
     0.95405      0.04497      0.04593     -1.68252 
     0.95504      0.04397      0.04493     -1.67253 
     0.95604      0.04297      0.04393     -1.66232 
     0.95704      0.04197      0.04293     -1.65188 
     0.95804      0.04097      0.04193     -1.64122 
     0.95904      0.03998      0.04093     -1.63030 
     0.96004      0.03898      0.03994     -1.61913 
     0.96104      0.03798      0.03894     -1.60769 
     0.96204      0.03698      0.03794     -1.59596 
     0.96304      0.03598      0.03694     -1.58394 
     0.96404      0.03498      0.03594     -1.57159 
     0.96503      0.03398      0.03494     -1.55891 
     0.96603      0.03298      0.03395     -1.54588 
     0.96703      0.03198      0.03295     -1.53247 
     0.96803      0.03098      0.03195     -1.51866 
     0.96903      0.02998      0.03095     -1.50443 
     0.97003      0.02898      0.02995     -1.48975 
     0.97103      0.02798      0.02895     -1.47459 
     0.97203      0.02698      0.02796     -1.45890 
     0.97303      0.02598      0.02696     -1.44267 
     0.97403      0.02499      0.02596     -1.42584 
     0.97502      0.02399      0.02496     -1.40836 
     0.97602      0.02299      0.02396     -1.39020 
     0.97702      0.02199      0.02296     -1.37127 
     0.97802      0.02099      0.02197     -1.35153 
     0.97902      0.01999      0.02097     -1.33089 
     0.98002      0.01899      0.01997     -1.30926 
     0.98102      0.01799      0.01897     -1.28655 
     0.98202      0.01699      0.01797     -1.26263 
     0.98302      0.01599      0.01697     -1.23737 
     0.98402      0.01499      0.01598     -1.21060 
     0.98501      0.01399      0.01498     -1.18214 
     0.98601      0.01299      0.01398     -1.15174 
     0.98701      0.01199      0.01298     -1.11912 
     0.98801      0.01099      0.01198     -1.08392 
     0.98901      0.00999      0.01098     -1.04570 
     0.99001      0.00900      0.00998     -1.00387 
     0.99101      0.00800      0.00899     -0.95768 
     0.99201      0.00700      0.00799     -0.90610 
     0.99301      0.00600      0.00699     -0.84767 
     0.99401      0.00500      0.00599     -0.78029 
     0.99500      0.00400      0.00499     -0.70068 
     0.99600      0.00300      0.00399     -0.60334 
     0.99700      0.00200      0.00300     -0.47797 
     0.99800      0.00100      0.00200     -0.30145 
