x v u error 
     0.00000      0.00000      0.00000      0.00000 
     0.09091      0.16648      0.50620     -0.17320 
     0.18182      0.59554      0.65587     -1.03629 
     0.27273      0.59268      0.66189     -0.98061 
     0.36364      0.53577      0.61003     -0.91457 
     0.45455      0.45708      0.53486     -0.83738 
     0.54545      0.36962      0.45029     -0.74678 
     0.63636      0.27863      0.36194     -0.63793 
     0.72727      0.18621      0.27207     -0.50092 
     0.81818      0.09322      0.18158     -0.31283 
