x v u error 
6.95323E-310  0.00000E+00  0.00000E+00  0.00000E+00 
 9.99001E-04  4.94041E-05  8.94132E-03 -2.40629E-03 
 1.99800E-03  1.77817E-02  1.77838E-02 -3.91861E+00 
 2.99700E-03  2.65253E-02  2.65285E-02 -3.91637E+00 
 3.99600E-03  3.51721E-02  3.51763E-02 -3.91414E+00 
 4.99500E-03  4.37229E-02  4.37283E-02 -3.91190E+00 
 5.99401E-03  5.21789E-02  5.21853E-02 -3.90967E+00 
 6.99301E-03  6.05408E-02  6.05483E-02 -3.90743E+00 
 7.99201E-03  6.88097E-02  6.88182E-02 -3.90520E+00 
 8.99101E-03  7.69864E-02  7.69960E-02 -3.90298E+00 
 9.99001E-03  8.50719E-02  8.50826E-02 -3.90075E+00 
 1.09890E-02  9.30671E-02  9.30789E-02 -3.89852E+00 
 1.19880E-02  1.00973E-01  1.00986E-01 -3.89630E+00 
 1.29870E-02  1.08790E-01  1.08804E-01 -3.89408E+00 
 1.39860E-02  1.16520E-01  1.16535E-01 -3.89186E+00 
 1.49850E-02  1.24163E-01  1.24179E-01 -3.88964E+00 
 1.59840E-02  1.31720E-01  1.31737E-01 -3.88742E+00 
 1.69830E-02  1.39192E-01  1.39210E-01 -3.88521E+00 
 1.79820E-02  1.46579E-01  1.46598E-01 -3.88300E+00 
 1.89810E-02  1.53883E-01  1.53904E-01 -3.88078E+00 
 1.99800E-02  1.61105E-01  1.61127E-01 -3.87858E+00 
 2.09790E-02  1.68245E-01  1.68268E-01 -3.87637E+00 
 2.19780E-02  1.75304E-01  1.75328E-01 -3.87416E+00 
 2.29770E-02  1.82283E-01  1.82308E-01 -3.87196E+00 
 2.39760E-02  1.89183E-01  1.89209E-01 -3.86975E+00 
 2.49750E-02  1.96004E-01  1.96031E-01 -3.86755E+00 
 2.59740E-02  2.02748E-01  2.02775E-01 -3.86535E+00 
 2.69730E-02  2.09414E-01  2.09443E-01 -3.86315E+00 
 2.79720E-02  2.16004E-01  2.16034E-01 -3.86096E+00 
 2.89710E-02  2.22519E-01  2.22550E-01 -3.85876E+00 
 2.99700E-02  2.28959E-01  2.28991E-01 -3.85657E+00 
 3.09690E-02  2.35325E-01  2.35358E-01 -3.85438E+00 
 3.19680E-02  2.41618E-01  2.41652E-01 -3.85219E+00 
 3.29670E-02  2.47839E-01  2.47874E-01 -3.85001E+00 
 3.39660E-02  2.53987E-01  2.54023E-01 -3.84782E+00 
 3.49650E-02  2.60065E-01  2.60102E-01 -3.84564E+00 
 3.59640E-02  2.66072E-01  2.66110E-01 -3.84346E+00 
 3.69630E-02  2.72010E-01  2.72049E-01 -3.84128E+00 
 3.79620E-02  2.77878E-01  2.77919E-01 -3.83910E+00 
 3.89610E-02  2.83679E-01  2.83720E-01 -3.83692E+00 
 3.99600E-02  2.89411E-01  2.89454E-01 -3.83475E+00 
 4.09590E-02  2.95077E-01  2.95121E-01 -3.83257E+00 
 4.19580E-02  3.00677E-01  3.00721E-01 -3.83040E+00 
 4.29570E-02  3.06211E-01  3.06256E-01 -3.82823E+00 
 4.39560E-02  3.11680E-01  3.11726E-01 -3.82607E+00 
 4.49550E-02  3.17085E-01  3.17132E-01 -3.82390E+00 
 4.59540E-02  3.22426E-01  3.22474E-01 -3.82174E+00 
 4.69530E-02  3.27704E-01  3.27753E-01 -3.81957E+00 
 4.79520E-02  3.32919E-01  3.32970E-01 -3.81741E+00 
 4.89510E-02  3.38073E-01  3.38125E-01 -3.81525E+00 
 4.99500E-02  3.43166E-01  3.43219E-01 -3.81310E+00 
 5.09490E-02  3.48198E-01  3.48252E-01 -3.81094E+00 
 5.19481E-02  3.53170E-01  3.53225E-01 -3.80879E+00 
 5.29471E-02  3.58083E-01  3.58139E-01 -3.80664E+00 
 5.39461E-02  3.62937E-01  3.62994E-01 -3.80449E+00 
 5.49451E-02  3.67733E-01  3.67791E-01 -3.80234E+00 
 5.59441E-02  3.72471E-01  3.72530E-01 -3.80020E+00 
 5.69431E-02  3.77152E-01  3.77212E-01 -3.79805E+00 
 5.79421E-02  3.81777E-01  3.81838E-01 -3.79591E+00 
 5.89411E-02  3.86345E-01  3.86408E-01 -3.79377E+00 
 5.99401E-02  3.90859E-01  3.90922E-01 -3.79163E+00 
 6.09391E-02  3.95317E-01  3.95382E-01 -3.78950E+00 
 6.19381E-02  3.99722E-01  3.99787E-01 -3.78736E+00 
 6.29371E-02  4.04072E-01  4.04139E-01 -3.78523E+00 
 6.39361E-02  4.08370E-01  4.08437E-01 -3.78310E+00 
 6.49351E-02  4.12615E-01  4.12683E-01 -3.78097E+00 
 6.59341E-02  4.16807E-01  4.16877E-01 -3.77884E+00 
 6.69331E-02  4.20948E-01  4.21019E-01 -3.77671E+00 
 6.79321E-02  4.25038E-01  4.25110E-01 -3.77459E+00 
 6.89311E-02  4.29078E-01  4.29150E-01 -3.77247E+00 
 6.99301E-02  4.33067E-01  4.33140E-01 -3.77035E+00 
 7.09291E-02  4.37007E-01  4.37081E-01 -3.76823E+00 
 7.19281E-02  4.40897E-01  4.40973E-01 -3.76612E+00 
 7.29271E-02  4.44739E-01  4.44816E-01 -3.76400E+00 
 7.39261E-02  4.48533E-01  4.48611E-01 -3.76189E+00 
 7.49251E-02  4.52279E-01  4.52358E-01 -3.75978E+00 
 7.59241E-02  4.55978E-01  4.56058E-01 -3.75767E+00 
 7.69231E-02  4.59630E-01  4.59711E-01 -3.75556E+00 
 7.79221E-02  4.63236E-01  4.63318E-01 -3.75346E+00 
 7.89211E-02  4.66797E-01  4.66879E-01 -3.75135E+00 
 7.99201E-02  4.70312E-01  4.70395E-01 -3.74925E+00 
 8.09191E-02  4.73782E-01  4.73866E-01 -3.74715E+00 
 8.19181E-02  4.77207E-01  4.77293E-01 -3.74505E+00 
 8.29171E-02  4.80589E-01  4.80676E-01 -3.74296E+00 
 8.39161E-02  4.83927E-01  4.84015E-01 -3.74086E+00 
 8.49151E-02  4.87222E-01  4.87311E-01 -3.73877E+00 
 8.59141E-02  4.90474E-01  4.90564E-01 -3.73668E+00 
 8.69131E-02  4.93684E-01  4.93775E-01 -3.73459E+00 
 8.79121E-02  4.96852E-01  4.96944E-01 -3.73251E+00 
 8.89111E-02  4.99979E-01  5.00072E-01 -3.73042E+00 
 8.99101E-02  5.03065E-01  5.03159E-01 -3.72834E+00 
 9.09091E-02  5.06110E-01  5.06205E-01 -3.72626E+00 
 9.19081E-02  5.09114E-01  5.09211E-01 -3.72418E+00 
 9.29071E-02  5.12080E-01  5.12177E-01 -3.72210E+00 
 9.39061E-02  5.15005E-01  5.15103E-01 -3.72003E+00 
 9.49051E-02  5.17892E-01  5.17991E-01 -3.71795E+00 
 9.59041E-02  5.20740E-01  5.20840E-01 -3.71588E+00 
 9.69031E-02  5.23550E-01  5.23651E-01 -3.71381E+00 
 9.79021E-02  5.26321E-01  5.26424E-01 -3.71174E+00 
 9.89011E-02  5.29056E-01  5.29159E-01 -3.70968E+00 
 9.99001E-02  5.31753E-01  5.31857E-01 -3.70761E+00 
 1.00899E-01  5.34414E-01  5.34519E-01 -3.70555E+00 
 1.01898E-01  5.37038E-01  5.37144E-01 -3.70349E+00 
 1.02897E-01  5.39626E-01  5.39733E-01 -3.70143E+00 
 1.03896E-01  5.42178E-01  5.42287E-01 -3.69938E+00 
 1.04895E-01  5.44695E-01  5.44805E-01 -3.69732E+00 
 1.05894E-01  5.47177E-01  5.47288E-01 -3.69527E+00 
 1.06893E-01  5.49625E-01  5.49736E-01 -3.69322E+00 
 1.07892E-01  5.52038E-01  5.52151E-01 -3.69117E+00 
 1.08891E-01  5.54418E-01  5.54531E-01 -3.68912E+00 
 1.09890E-01  5.56763E-01  5.56878E-01 -3.68707E+00 
 1.10889E-01  5.59076E-01  5.59191E-01 -3.68503E+00 
 1.11888E-01  5.61355E-01  5.61472E-01 -3.68299E+00 
 1.12887E-01  5.63602E-01  5.63720E-01 -3.68095E+00 
 1.13886E-01  5.65817E-01  5.65936E-01 -3.67891E+00 
 1.14885E-01  5.68000E-01  5.68119E-01 -3.67687E+00 
 1.15884E-01  5.70151E-01  5.70271E-01 -3.67484E+00 
 1.16883E-01  5.72271E-01  5.72392E-01 -3.67281E+00 
 1.17882E-01  5.74359E-01  5.74482E-01 -3.67078E+00 
 1.18881E-01  5.76418E-01  5.76541E-01 -3.66875E+00 
 1.19880E-01  5.78445E-01  5.78570E-01 -3.66672E+00 
 1.20879E-01  5.80443E-01  5.80568E-01 -3.66469E+00 
 1.21878E-01  5.82411E-01  5.82537E-01 -3.66267E+00 
 1.22877E-01  5.84349E-01  5.84476E-01 -3.66065E+00 
 1.23876E-01  5.86258E-01  5.86387E-01 -3.65863E+00 
 1.24875E-01  5.88138E-01  5.88268E-01 -3.65661E+00 
 1.25874E-01  5.89990E-01  5.90120E-01 -3.65459E+00 
 1.26873E-01  5.91813E-01  5.91944E-01 -3.65258E+00 
 1.27872E-01  5.93608E-01  5.93741E-01 -3.65057E+00 
 1.28871E-01  5.95375E-01  5.95509E-01 -3.64856E+00 
 1.29870E-01  5.97115E-01  5.97250E-01 -3.64655E+00 
 1.30869E-01  5.98828E-01  5.98963E-01 -3.64454E+00 
 1.31868E-01  6.00513E-01  6.00650E-01 -3.64254E+00 
 1.32867E-01  6.02172E-01  6.02310E-01 -3.64053E+00 
 1.33866E-01  6.03805E-01  6.03944E-01 -3.63853E+00 
 1.34865E-01  6.05411E-01  6.05551E-01 -3.63653E+00 
 1.35864E-01  6.06991E-01  6.07132E-01 -3.63453E+00 
 1.36863E-01  6.08546E-01  6.08688E-01 -3.63254E+00 
 1.37862E-01  6.10076E-01  6.10218E-01 -3.63054E+00 
 1.38861E-01  6.11580E-01  6.11724E-01 -3.62855E+00 
 1.39860E-01  6.13059E-01  6.13204E-01 -3.62656E+00 
 1.40859E-01  6.14514E-01  6.14660E-01 -3.62457E+00 
 1.41858E-01  6.15944E-01  6.16091E-01 -3.62258E+00 
 1.42857E-01  6.17350E-01  6.17498E-01 -3.62060E+00 
 1.43856E-01  6.18733E-01  6.18882E-01 -3.61861E+00 
 1.44855E-01  6.20091E-01  6.20241E-01 -3.61663E+00 
 1.45854E-01  6.21426E-01  6.21577E-01 -3.61465E+00 
 1.46853E-01  6.22738E-01  6.22890E-01 -3.61267E+00 
 1.47852E-01  6.24027E-01  6.24180E-01 -3.61070E+00 
 1.48851E-01  6.25293E-01  6.25447E-01 -3.60872E+00 
 1.49850E-01  6.26537E-01  6.26692E-01 -3.60675E+00 
 1.50849E-01  6.27758E-01  6.27914E-01 -3.60478E+00 
 1.51848E-01  6.28957E-01  6.29114E-01 -3.60281E+00 
 1.52847E-01  6.30135E-01  6.30293E-01 -3.60084E+00 
 1.53846E-01  6.31291E-01  6.31450E-01 -3.59888E+00 
 1.54845E-01  6.32425E-01  6.32585E-01 -3.59691E+00 
 1.55844E-01  6.33538E-01  6.33699E-01 -3.59495E+00 
 1.56843E-01  6.34630E-01  6.34792E-01 -3.59299E+00 
 1.57842E-01  6.35701E-01  6.35865E-01 -3.59103E+00 
 1.58841E-01  6.36752E-01  6.36916E-01 -3.58908E+00 
 1.59840E-01  6.37783E-01  6.37948E-01 -3.58712E+00 
 1.60839E-01  6.38793E-01  6.38959E-01 -3.58517E+00 
 1.61838E-01  6.39783E-01  6.39950E-01 -3.58322E+00 
 1.62837E-01  6.40753E-01  6.40921E-01 -3.58127E+00 
 1.63836E-01  6.41704E-01  6.41873E-01 -3.57932E+00 
 1.64835E-01  6.42635E-01  6.42806E-01 -3.57737E+00 
 1.65834E-01  6.43548E-01  6.43719E-01 -3.57543E+00 
 1.66833E-01  6.44441E-01  6.44613E-01 -3.57348E+00 
 1.67832E-01  6.45315E-01  6.45488E-01 -3.57154E+00 
 1.68831E-01  6.46171E-01  6.46345E-01 -3.56960E+00 
 1.69830E-01  6.47008E-01  6.47183E-01 -3.56767E+00 
 1.70829E-01  6.47827E-01  6.48004E-01 -3.56573E+00 
 1.71828E-01  6.48628E-01  6.48806E-01 -3.56379E+00 
 1.72827E-01  6.49411E-01  6.49590E-01 -3.56186E+00 
 1.73826E-01  6.50177E-01  6.50356E-01 -3.55993E+00 
 1.74825E-01  6.50925E-01  6.51105E-01 -3.55800E+00 
 1.75824E-01  6.51655E-01  6.51836E-01 -3.55607E+00 
 1.76823E-01  6.52368E-01  6.52550E-01 -3.55415E+00 
 1.77822E-01  6.53064E-01  6.53248E-01 -3.55223E+00 
 1.78821E-01  6.53744E-01  6.53928E-01 -3.55030E+00 
 1.79820E-01  6.54406E-01  6.54592E-01 -3.54838E+00 
 1.80819E-01  6.55053E-01  6.55239E-01 -3.54646E+00 
 1.81818E-01  6.55682E-01  6.55869E-01 -3.54455E+00 
 1.82817E-01  6.56296E-01  6.56484E-01 -3.54263E+00 
 1.83816E-01  6.56893E-01  6.57083E-01 -3.54072E+00 
 1.84815E-01  6.57475E-01  6.57665E-01 -3.53880E+00 
 1.85814E-01  6.58041E-01  6.58232E-01 -3.53689E+00 
 1.86813E-01  6.58591E-01  6.58783E-01 -3.53498E+00 
 1.87812E-01  6.59126E-01  6.59319E-01 -3.53308E+00 
 1.88811E-01  6.59646E-01  6.59840E-01 -3.53117E+00 
 1.89810E-01  6.60150E-01  6.60346E-01 -3.52927E+00 
 1.90809E-01  6.60640E-01  6.60836E-01 -3.52737E+00 
 1.91808E-01  6.61115E-01  6.61312E-01 -3.52547E+00 
 1.92807E-01  6.61575E-01  6.61773E-01 -3.52357E+00 
 1.93806E-01  6.62021E-01  6.62220E-01 -3.52167E+00 
 1.94805E-01  6.62452E-01  6.62652E-01 -3.51977E+00 
 1.95804E-01  6.62869E-01  6.63070E-01 -3.51788E+00 
 1.96803E-01  6.63272E-01  6.63474E-01 -3.51599E+00 
 1.97802E-01  6.63661E-01  6.63864E-01 -3.51410E+00 
 1.98801E-01  6.64036E-01  6.64240E-01 -3.51221E+00 
 1.99800E-01  6.64398E-01  6.64603E-01 -3.51032E+00 
 2.00799E-01  6.64746E-01  6.64952E-01 -3.50843E+00 
 2.01798E-01  6.65080E-01  6.65288E-01 -3.50655E+00 
 2.02797E-01  6.65402E-01  6.65610E-01 -3.50467E+00 
 2.03796E-01  6.65710E-01  6.65919E-01 -3.50278E+00 
 2.04795E-01  6.66005E-01  6.66215E-01 -3.50091E+00 
 2.05794E-01  6.66287E-01  6.66499E-01 -3.49903E+00 
 2.06793E-01  6.66557E-01  6.66769E-01 -3.49715E+00 
 2.07792E-01  6.66814E-01  6.67027E-01 -3.49528E+00 
 2.08791E-01  6.67058E-01  6.67273E-01 -3.49340E+00 
 2.09790E-01  6.67290E-01  6.67506E-01 -3.49153E+00 
 2.10789E-01  6.67510E-01  6.67727E-01 -3.48966E+00 
 2.11788E-01  6.67718E-01  6.67935E-01 -3.48779E+00 
 2.12787E-01  6.67914E-01  6.68132E-01 -3.48593E+00 
 2.13786E-01  6.68098E-01  6.68317E-01 -3.48406E+00 
 2.14785E-01  6.68270E-01  6.68490E-01 -3.48220E+00 
 2.15784E-01  6.68430E-01  6.68651E-01 -3.48033E+00 
 2.16783E-01  6.68579E-01  6.68801E-01 -3.47847E+00 
 2.17782E-01  6.68716E-01  6.68940E-01 -3.47661E+00 
 2.18781E-01  6.68843E-01  6.69067E-01 -3.47476E+00 
 2.19780E-01  6.68958E-01  6.69183E-01 -3.47290E+00 
 2.20779E-01  6.69061E-01  6.69288E-01 -3.47105E+00 
 2.21778E-01  6.69154E-01  6.69382E-01 -3.46919E+00 
 2.22777E-01  6.69236E-01  6.69465E-01 -3.46734E+00 
 2.23776E-01  6.69308E-01  6.69537E-01 -3.46549E+00 
 2.24775E-01  6.69368E-01  6.69599E-01 -3.46364E+00 
 2.25774E-01  6.69418E-01  6.69650E-01 -3.46179E+00 
 2.26773E-01  6.69458E-01  6.69690E-01 -3.45995E+00 
 2.27772E-01  6.69487E-01  6.69721E-01 -3.45811E+00 
 2.28771E-01  6.69507E-01  6.69741E-01 -3.45626E+00 
 2.29770E-01  6.69515E-01  6.69751E-01 -3.45442E+00 
 2.30769E-01  6.69514E-01  6.69751E-01 -3.45258E+00 
 2.31768E-01  6.69503E-01  6.69741E-01 -3.45074E+00 
 2.32767E-01  6.69483E-01  6.69721E-01 -3.44891E+00 
 2.33766E-01  6.69452E-01  6.69691E-01 -3.44707E+00 
 2.34765E-01  6.69412E-01  6.69652E-01 -3.44524E+00 
 2.35764E-01  6.69362E-01  6.69603E-01 -3.44341E+00 
 2.36763E-01  6.69303E-01  6.69545E-01 -3.44157E+00 
 2.37762E-01  6.69234E-01  6.69478E-01 -3.43975E+00 
 2.38761E-01  6.69157E-01  6.69401E-01 -3.43792E+00 
 2.39760E-01  6.69070E-01  6.69315E-01 -3.43609E+00 
 2.40759E-01  6.68974E-01  6.69220E-01 -3.43427E+00 
 2.41758E-01  6.68869E-01  6.69116E-01 -3.43244E+00 
 2.42757E-01  6.68755E-01  6.69003E-01 -3.43062E+00 
 2.43756E-01  6.68632E-01  6.68881E-01 -3.42880E+00 
 2.44755E-01  6.68501E-01  6.68751E-01 -3.42698E+00 
 2.45754E-01  6.68361E-01  6.68612E-01 -3.42516E+00 
 2.46753E-01  6.68212E-01  6.68464E-01 -3.42334E+00 
 2.47752E-01  6.68055E-01  6.68308E-01 -3.42153E+00 
 2.48751E-01  6.67889E-01  6.68144E-01 -3.41971E+00 
 2.49750E-01  6.67716E-01  6.67971E-01 -3.41790E+00 
 2.50749E-01  6.67534E-01  6.67790E-01 -3.41609E+00 
 2.51748E-01  6.67344E-01  6.67601E-01 -3.41428E+00 
 2.52747E-01  6.67145E-01  6.67404E-01 -3.41247E+00 
 2.53746E-01  6.66939E-01  6.67198E-01 -3.41067E+00 
 2.54745E-01  6.66725E-01  6.66985E-01 -3.40886E+00 
 2.55744E-01  6.66503E-01  6.66765E-01 -3.40706E+00 
 2.56743E-01  6.66274E-01  6.66536E-01 -3.40525E+00 
 2.57742E-01  6.66037E-01  6.66300E-01 -3.40345E+00 
 2.58741E-01  6.65792E-01  6.66056E-01 -3.40165E+00 
 2.59740E-01  6.65540E-01  6.65805E-01 -3.39985E+00 
 2.60739E-01  6.65280E-01  6.65546E-01 -3.39805E+00 
 2.61738E-01  6.65013E-01  6.65280E-01 -3.39626E+00 
 2.62737E-01  6.64738E-01  6.65007E-01 -3.39446E+00 
 2.63736E-01  6.64457E-01  6.64726E-01 -3.39267E+00 
 2.64735E-01  6.64168E-01  6.64438E-01 -3.39088E+00 
 2.65734E-01  6.63872E-01  6.64143E-01 -3.38908E+00 
 2.66733E-01  6.63570E-01  6.63842E-01 -3.38730E+00 
 2.67732E-01  6.63260E-01  6.63533E-01 -3.38551E+00 
 2.68731E-01  6.62943E-01  6.63217E-01 -3.38372E+00 
 2.69730E-01  6.62620E-01  6.62895E-01 -3.38193E+00 
 2.70729E-01  6.62290E-01  6.62566E-01 -3.38015E+00 
 2.71728E-01  6.61953E-01  6.62230E-01 -3.37836E+00 
 2.72727E-01  6.61610E-01  6.61888E-01 -3.37658E+00 
 2.73726E-01  6.61260E-01  6.61539E-01 -3.37480E+00 
 2.74725E-01  6.60903E-01  6.61183E-01 -3.37302E+00 
 2.75724E-01  6.60541E-01  6.60822E-01 -3.37124E+00 
 2.76723E-01  6.60172E-01  6.60454E-01 -3.36947E+00 
 2.77722E-01  6.59796E-01  6.60079E-01 -3.36769E+00 
 2.78721E-01  6.59415E-01  6.59699E-01 -3.36592E+00 
 2.79720E-01  6.59027E-01  6.59312E-01 -3.36414E+00 
 2.80719E-01  6.58633E-01  6.58919E-01 -3.36237E+00 
 2.81718E-01  6.58233E-01  6.58520E-01 -3.36060E+00 
 2.82717E-01  6.57828E-01  6.58116E-01 -3.35883E+00 
 2.83716E-01  6.57416E-01  6.57705E-01 -3.35706E+00 
 2.84715E-01  6.56998E-01  6.57288E-01 -3.35529E+00 
 2.85714E-01  6.56575E-01  6.56866E-01 -3.35352E+00 
 2.86713E-01  6.56146E-01  6.56438E-01 -3.35176E+00 
 2.87712E-01  6.55711E-01  6.56004E-01 -3.35000E+00 
 2.88711E-01  6.55271E-01  6.55565E-01 -3.34823E+00 
 2.89710E-01  6.54825E-01  6.55120E-01 -3.34647E+00 
 2.90709E-01  6.54374E-01  6.54670E-01 -3.34471E+00 
 2.91708E-01  6.53917E-01  6.54214E-01 -3.34295E+00 
 2.92707E-01  6.53454E-01  6.53752E-01 -3.34119E+00 
 2.93706E-01  6.52987E-01  6.53286E-01 -3.33944E+00 
 2.94705E-01  6.52514E-01  6.52814E-01 -3.33768E+00 
 2.95704E-01  6.52036E-01  6.52337E-01 -3.33592E+00 
 2.96703E-01  6.51552E-01  6.51854E-01 -3.33417E+00 
 2.97702E-01  6.51064E-01  6.51367E-01 -3.33242E+00 
 2.98701E-01  6.50570E-01  6.50874E-01 -3.33067E+00 
 2.99700E-01  6.50072E-01  6.50377E-01 -3.32892E+00 
 3.00699E-01  6.49568E-01  6.49874E-01 -3.32717E+00 
 3.01698E-01  6.49060E-01  6.49367E-01 -3.32542E+00 
 3.02697E-01  6.48546E-01  6.48854E-01 -3.32367E+00 
 3.03696E-01  6.48028E-01  6.48337E-01 -3.32192E+00 
 3.04695E-01  6.47505E-01  6.47815E-01 -3.32018E+00 
 3.05694E-01  6.46977E-01  6.47288E-01 -3.31843E+00 
 3.06693E-01  6.46445E-01  6.46757E-01 -3.31669E+00 
 3.07692E-01  6.45908E-01  6.46221E-01 -3.31495E+00 
 3.08691E-01  6.45366E-01  6.45680E-01 -3.31321E+00 
 3.09690E-01  6.44820E-01  6.45135E-01 -3.31147E+00 
 3.10689E-01  6.44269E-01  6.44585E-01 -3.30973E+00 
 3.11688E-01  6.43714E-01  6.44031E-01 -3.30799E+00 
 3.12687E-01  6.43154E-01  6.43472E-01 -3.30626E+00 
 3.13686E-01  6.42590E-01  6.42909E-01 -3.30452E+00 
 3.14685E-01  6.42022E-01  6.42342E-01 -3.30278E+00 
 3.15684E-01  6.41449E-01  6.41770E-01 -3.30105E+00 
 3.16683E-01  6.40872E-01  6.41194E-01 -3.29932E+00 
 3.17682E-01  6.40291E-01  6.40614E-01 -3.29759E+00 
 3.18681E-01  6.39706E-01  6.40030E-01 -3.29586E+00 
 3.19680E-01  6.39117E-01  6.39441E-01 -3.29413E+00 
 3.20679E-01  6.38523E-01  6.38849E-01 -3.29240E+00 
 3.21678E-01  6.37926E-01  6.38252E-01 -3.29067E+00 
 3.22677E-01  6.37324E-01  6.37652E-01 -3.28894E+00 
 3.23676E-01  6.36719E-01  6.37048E-01 -3.28722E+00 
 3.24675E-01  6.36109E-01  6.36439E-01 -3.28549E+00 
 3.25674E-01  6.35496E-01  6.35827E-01 -3.28377E+00 
 3.26673E-01  6.34879E-01  6.35211E-01 -3.28204E+00 
 3.27672E-01  6.34258E-01  6.34591E-01 -3.28032E+00 
 3.28671E-01  6.33633E-01  6.33967E-01 -3.27860E+00 
 3.29670E-01  6.33005E-01  6.33340E-01 -3.27688E+00 
 3.30669E-01  6.32373E-01  6.32709E-01 -3.27516E+00 
 3.31668E-01  6.31737E-01  6.32074E-01 -3.27344E+00 
 3.32667E-01  6.31098E-01  6.31435E-01 -3.27172E+00 
 3.33666E-01  6.30455E-01  6.30793E-01 -3.27001E+00 
 3.34665E-01  6.29808E-01  6.30148E-01 -3.26829E+00 
 3.35664E-01  6.29158E-01  6.29499E-01 -3.26657E+00 
 3.36663E-01  6.28505E-01  6.28846E-01 -3.26486E+00 
 3.37662E-01  6.27848E-01  6.28190E-01 -3.26315E+00 
 3.38661E-01  6.27187E-01  6.27531E-01 -3.26143E+00 
 3.39660E-01  6.26524E-01  6.26868E-01 -3.25972E+00 
 3.40659E-01  6.25856E-01  6.26202E-01 -3.25801E+00 
 3.41658E-01  6.25186E-01  6.25533E-01 -3.25630E+00 
 3.42657E-01  6.24512E-01  6.24860E-01 -3.25459E+00 
 3.43656E-01  6.23836E-01  6.24184E-01 -3.25288E+00 
 3.44655E-01  6.23155E-01  6.23505E-01 -3.25118E+00 
 3.45654E-01  6.22472E-01  6.22823E-01 -3.24947E+00 
 3.46653E-01  6.21786E-01  6.22137E-01 -3.24776E+00 
 3.47652E-01  6.21096E-01  6.21449E-01 -3.24606E+00 
 3.48651E-01  6.20403E-01  6.20757E-01 -3.24435E+00 
 3.49650E-01  6.19708E-01  6.20062E-01 -3.24265E+00 
 3.50649E-01  6.19009E-01  6.19365E-01 -3.24095E+00 
 3.51648E-01  6.18307E-01  6.18664E-01 -3.23924E+00 
 3.52647E-01  6.17603E-01  6.17960E-01 -3.23754E+00 
 3.53646E-01  6.16895E-01  6.17254E-01 -3.23584E+00 
 3.54645E-01  6.16184E-01  6.16544E-01 -3.23414E+00 
 3.55644E-01  6.15471E-01  6.15832E-01 -3.23244E+00 
 3.56643E-01  6.14755E-01  6.15116E-01 -3.23074E+00 
 3.57642E-01  6.14036E-01  6.14398E-01 -3.22905E+00 
 3.58641E-01  6.13314E-01  6.13677E-01 -3.22735E+00 
 3.59640E-01  6.12589E-01  6.12954E-01 -3.22565E+00 
 3.60639E-01  6.11862E-01  6.12227E-01 -3.22396E+00 
 3.61638E-01  6.11132E-01  6.11498E-01 -3.22226E+00 
 3.62637E-01  6.10399E-01  6.10767E-01 -3.22057E+00 
 3.63636E-01  6.09664E-01  6.10032E-01 -3.21887E+00 
 3.64635E-01  6.08926E-01  6.09295E-01 -3.21718E+00 
 3.65634E-01  6.08185E-01  6.08555E-01 -3.21549E+00 
 3.66633E-01  6.07442E-01  6.07813E-01 -3.21380E+00 
 3.67632E-01  6.06696E-01  6.07068E-01 -3.21211E+00 
 3.68631E-01  6.05948E-01  6.06321E-01 -3.21042E+00 
 3.69630E-01  6.05197E-01  6.05571E-01 -3.20873E+00 
 3.70629E-01  6.04444E-01  6.04819E-01 -3.20704E+00 
 3.71628E-01  6.03688E-01  6.04064E-01 -3.20535E+00 
 3.72627E-01  6.02930E-01  6.03307E-01 -3.20366E+00 
 3.73626E-01  6.02169E-01  6.02548E-01 -3.20197E+00 
 3.74625E-01  6.01406E-01  6.01786E-01 -3.20029E+00 
 3.75624E-01  6.00641E-01  6.01021E-01 -3.19860E+00 
 3.76623E-01  5.99873E-01  6.00255E-01 -3.19692E+00 
 3.77622E-01  5.99103E-01  5.99486E-01 -3.19523E+00 
 3.78621E-01  5.98331E-01  5.98715E-01 -3.19355E+00 
 3.79620E-01  5.97557E-01  5.97941E-01 -3.19186E+00 
 3.80619E-01  5.96780E-01  5.97165E-01 -3.19018E+00 
 3.81618E-01  5.96001E-01  5.96387E-01 -3.18850E+00 
 3.82617E-01  5.95220E-01  5.95607E-01 -3.18682E+00 
 3.83616E-01  5.94436E-01  5.94825E-01 -3.18513E+00 
 3.84615E-01  5.93651E-01  5.94040E-01 -3.18345E+00 
 3.85614E-01  5.92863E-01  5.93254E-01 -3.18177E+00 
 3.86613E-01  5.92074E-01  5.92465E-01 -3.18009E+00 
 3.87612E-01  5.91282E-01  5.91674E-01 -3.17841E+00 
 3.88611E-01  5.90488E-01  5.90881E-01 -3.17673E+00 
 3.89610E-01  5.89692E-01  5.90086E-01 -3.17506E+00 
 3.90609E-01  5.88894E-01  5.89289E-01 -3.17338E+00 
 3.91608E-01  5.88094E-01  5.88490E-01 -3.17170E+00 
 3.92607E-01  5.87292E-01  5.87689E-01 -3.17002E+00 
 3.93606E-01  5.86488E-01  5.86887E-01 -3.16835E+00 
 3.94605E-01  5.85682E-01  5.86082E-01 -3.16667E+00 
 3.95604E-01  5.84875E-01  5.85275E-01 -3.16499E+00 
 3.96603E-01  5.84065E-01  5.84466E-01 -3.16332E+00 
 3.97602E-01  5.83253E-01  5.83656E-01 -3.16164E+00 
 3.98601E-01  5.82440E-01  5.82843E-01 -3.15997E+00 
 3.99600E-01  5.81625E-01  5.82029E-01 -3.15830E+00 
 4.00599E-01  5.80807E-01  5.81213E-01 -3.15662E+00 
 4.01598E-01  5.79988E-01  5.80395E-01 -3.15495E+00 
 4.02597E-01  5.79168E-01  5.79575E-01 -3.15328E+00 
 4.03596E-01  5.78345E-01  5.78753E-01 -3.15160E+00 
 4.04595E-01  5.77521E-01  5.77930E-01 -3.14993E+00 
 4.05594E-01  5.76695E-01  5.77105E-01 -3.14826E+00 
 4.06593E-01  5.75867E-01  5.76278E-01 -3.14659E+00 
 4.07592E-01  5.75037E-01  5.75450E-01 -3.14492E+00 
 4.08591E-01  5.74206E-01  5.74619E-01 -3.14325E+00 
 4.09590E-01  5.73373E-01  5.73788E-01 -3.14158E+00 
 4.10589E-01  5.72539E-01  5.72954E-01 -3.13991E+00 
 4.11588E-01  5.71703E-01  5.72119E-01 -3.13824E+00 
 4.12587E-01  5.70865E-01  5.71282E-01 -3.13657E+00 
 4.13586E-01  5.70025E-01  5.70444E-01 -3.13490E+00 
 4.14585E-01  5.69184E-01  5.69604E-01 -3.13323E+00 
 4.15584E-01  5.68342E-01  5.68762E-01 -3.13156E+00 
 4.16583E-01  5.67498E-01  5.67919E-01 -3.12990E+00 
 4.17582E-01  5.66652E-01  5.67074E-01 -3.12823E+00 
 4.18581E-01  5.65805E-01  5.66228E-01 -3.12656E+00 
 4.19580E-01  5.64956E-01  5.65380E-01 -3.12489E+00 
 4.20579E-01  5.64106E-01  5.64531E-01 -3.12323E+00 
 4.21578E-01  5.63254E-01  5.63680E-01 -3.12156E+00 
 4.22577E-01  5.62401E-01  5.62828E-01 -3.11989E+00 
 4.23576E-01  5.61546E-01  5.61974E-01 -3.11823E+00 
 4.24575E-01  5.60690E-01  5.61119E-01 -3.11656E+00 
 4.25574E-01  5.59832E-01  5.60262E-01 -3.11489E+00 
 4.26573E-01  5.58973E-01  5.59404E-01 -3.11323E+00 
 4.27572E-01  5.58113E-01  5.58545E-01 -3.11156E+00 
 4.28571E-01  5.57251E-01  5.57684E-01 -3.10990E+00 
 4.29570E-01  5.56388E-01  5.56822E-01 -3.10823E+00 
 4.30569E-01  5.55524E-01  5.55959E-01 -3.10657E+00 
 4.31568E-01  5.54658E-01  5.55094E-01 -3.10490E+00 
 4.32567E-01  5.53791E-01  5.54228E-01 -3.10324E+00 
 4.33566E-01  5.52922E-01  5.53360E-01 -3.10157E+00 
 4.34565E-01  5.52052E-01  5.52491E-01 -3.09991E+00 
 4.35564E-01  5.51181E-01  5.51621E-01 -3.09825E+00 
 4.36563E-01  5.50309E-01  5.50750E-01 -3.09658E+00 
 4.37562E-01  5.49435E-01  5.49877E-01 -3.09492E+00 
 4.38561E-01  5.48560E-01  5.49003E-01 -3.09325E+00 
 4.39560E-01  5.47684E-01  5.48128E-01 -3.09159E+00 
 4.40559E-01  5.46807E-01  5.47252E-01 -3.08993E+00 
 4.41558E-01  5.45928E-01  5.46374E-01 -3.08826E+00 
 4.42557E-01  5.45048E-01  5.45495E-01 -3.08660E+00 
 4.43556E-01  5.44167E-01  5.44615E-01 -3.08494E+00 
 4.44555E-01  5.43285E-01  5.43734E-01 -3.08327E+00 
 4.45554E-01  5.42402E-01  5.42852E-01 -3.08161E+00 
 4.46553E-01  5.41517E-01  5.41968E-01 -3.07995E+00 
 4.47552E-01  5.40632E-01  5.41084E-01 -3.07828E+00 
 4.48551E-01  5.39745E-01  5.40198E-01 -3.07662E+00 
 4.49550E-01  5.38857E-01  5.39311E-01 -3.07496E+00 
 4.50549E-01  5.37968E-01  5.38423E-01 -3.07329E+00 
 4.51548E-01  5.37078E-01  5.37534E-01 -3.07163E+00 
 4.52547E-01  5.36187E-01  5.36644E-01 -3.06997E+00 
 4.53546E-01  5.35294E-01  5.35752E-01 -3.06830E+00 
 4.54545E-01  5.34401E-01  5.34860E-01 -3.06664E+00 
 4.55544E-01  5.33507E-01  5.33966E-01 -3.06498E+00 
 4.56543E-01  5.32611E-01  5.33072E-01 -3.06331E+00 
 4.57542E-01  5.31715E-01  5.32176E-01 -3.06165E+00 
 4.58541E-01  5.30817E-01  5.31280E-01 -3.05999E+00 
 4.59540E-01  5.29919E-01  5.30382E-01 -3.05832E+00 
 4.60539E-01  5.29019E-01  5.29484E-01 -3.05666E+00 
 4.61538E-01  5.28118E-01  5.28584E-01 -3.05500E+00 
 4.62537E-01  5.27217E-01  5.27684E-01 -3.05333E+00 
 4.63536E-01  5.26314E-01  5.26782E-01 -3.05167E+00 
 4.64535E-01  5.25411E-01  5.25880E-01 -3.05001E+00 
 4.65534E-01  5.24506E-01  5.24976E-01 -3.04834E+00 
 4.66533E-01  5.23601E-01  5.24072E-01 -3.04668E+00 
 4.67532E-01  5.22695E-01  5.23166E-01 -3.04501E+00 
 4.68531E-01  5.21787E-01  5.22260E-01 -3.04335E+00 
 4.69530E-01  5.20879E-01  5.21353E-01 -3.04168E+00 
 4.70529E-01  5.19970E-01  5.20445E-01 -3.04002E+00 
 4.71528E-01  5.19060E-01  5.19536E-01 -3.03835E+00 
 4.72527E-01  5.18149E-01  5.18626E-01 -3.03669E+00 
 4.73526E-01  5.17237E-01  5.17715E-01 -3.03502E+00 
 4.74525E-01  5.16325E-01  5.16803E-01 -3.03336E+00 
 4.75524E-01  5.15411E-01  5.15891E-01 -3.03169E+00 
 4.76523E-01  5.14497E-01  5.14977E-01 -3.03003E+00 
 4.77522E-01  5.13581E-01  5.14063E-01 -3.02836E+00 
 4.78521E-01  5.12665E-01  5.13148E-01 -3.02669E+00 
 4.79520E-01  5.11748E-01  5.12232E-01 -3.02503E+00 
 4.80519E-01  5.10831E-01  5.11315E-01 -3.02336E+00 
 4.81518E-01  5.09912E-01  5.10398E-01 -3.02169E+00 
 4.82517E-01  5.08993E-01  5.09479E-01 -3.02002E+00 
 4.83516E-01  5.08073E-01  5.08560E-01 -3.01836E+00 
 4.84515E-01  5.07152E-01  5.07640E-01 -3.01669E+00 
 4.85514E-01  5.06230E-01  5.06719E-01 -3.01502E+00 
 4.86513E-01  5.05307E-01  5.05798E-01 -3.01335E+00 
 4.87512E-01  5.04384E-01  5.04876E-01 -3.01168E+00 
 4.88511E-01  5.03460E-01  5.03952E-01 -3.01001E+00 
 4.89510E-01  5.02535E-01  5.03029E-01 -3.00834E+00 
 4.90509E-01  5.01610E-01  5.02104E-01 -3.00667E+00 
 4.91508E-01  5.00683E-01  5.01179E-01 -3.00500E+00 
 4.92507E-01  4.99756E-01  5.00253E-01 -3.00333E+00 
 4.93506E-01  4.98829E-01  4.99326E-01 -3.00166E+00 
 4.94505E-01  4.97900E-01  4.98398E-01 -2.99999E+00 
 4.95504E-01  4.96971E-01  4.97470E-01 -2.99832E+00 
 4.96503E-01  4.96041E-01  4.96541E-01 -2.99664E+00 
 4.97502E-01  4.95110E-01  4.95612E-01 -2.99497E+00 
 4.98501E-01  4.94179E-01  4.94681E-01 -2.99330E+00 
 4.99500E-01  4.93247E-01  4.93751E-01 -2.99162E+00 
 5.00499E-01  4.92315E-01  4.92819E-01 -2.98995E+00 
 5.01498E-01  4.91381E-01  4.91887E-01 -2.98827E+00 
 5.02497E-01  4.90447E-01  4.90954E-01 -2.98660E+00 
 5.03496E-01  4.89513E-01  4.90020E-01 -2.98492E+00 
 5.04495E-01  4.88577E-01  4.89086E-01 -2.98325E+00 
 5.05494E-01  4.87641E-01  4.88151E-01 -2.98157E+00 
 5.06493E-01  4.86705E-01  4.87215E-01 -2.97989E+00 
 5.07492E-01  4.85768E-01  4.86279E-01 -2.97822E+00 
 5.08491E-01  4.84830E-01  4.85342E-01 -2.97654E+00 
 5.09490E-01  4.83891E-01  4.84405E-01 -2.97486E+00 
 5.10489E-01  4.82952E-01  4.83467E-01 -2.97318E+00 
 5.11488E-01  4.82013E-01  4.82528E-01 -2.97150E+00 
 5.12487E-01  4.81073E-01  4.81589E-01 -2.96982E+00 
 5.13486E-01  4.80132E-01  4.80649E-01 -2.96814E+00 
 5.14486E-01  4.79190E-01  4.79709E-01 -2.96646E+00 
 5.15485E-01  4.78248E-01  4.78768E-01 -2.96478E+00 
 5.16484E-01  4.77306E-01  4.77826E-01 -2.96309E+00 
 5.17483E-01  4.76363E-01  4.76884E-01 -2.96141E+00 
 5.18482E-01  4.75419E-01  4.75941E-01 -2.95972E+00 
 5.19481E-01  4.74475E-01  4.74998E-01 -2.95804E+00 
 5.20480E-01  4.73530E-01  4.74054E-01 -2.95635E+00 
 5.21479E-01  4.72584E-01  4.73110E-01 -2.95467E+00 
 5.22478E-01  4.71638E-01  4.72165E-01 -2.95298E+00 
 5.23477E-01  4.70692E-01  4.71219E-01 -2.95129E+00 
 5.24476E-01  4.69745E-01  4.70273E-01 -2.94961E+00 
 5.25475E-01  4.68798E-01  4.69327E-01 -2.94792E+00 
 5.26474E-01  4.67850E-01  4.68380E-01 -2.94623E+00 
 5.27473E-01  4.66901E-01  4.67432E-01 -2.94454E+00 
 5.28472E-01  4.65952E-01  4.66484E-01 -2.94285E+00 
 5.29471E-01  4.65002E-01  4.65535E-01 -2.94115E+00 
 5.30470E-01  4.64052E-01  4.64586E-01 -2.93946E+00 
 5.31469E-01  4.63102E-01  4.63637E-01 -2.93777E+00 
 5.32468E-01  4.62151E-01  4.62687E-01 -2.93607E+00 
 5.33467E-01  4.61199E-01  4.61736E-01 -2.93438E+00 
 5.34466E-01  4.60247E-01  4.60785E-01 -2.93268E+00 
 5.35465E-01  4.59295E-01  4.59834E-01 -2.93099E+00 
 5.36464E-01  4.58342E-01  4.58882E-01 -2.92929E+00 
 5.37463E-01  4.57388E-01  4.57929E-01 -2.92759E+00 
 5.38462E-01  4.56434E-01  4.56976E-01 -2.92589E+00 
 5.39461E-01  4.55480E-01  4.56023E-01 -2.92419E+00 
 5.40460E-01  4.54525E-01  4.55069E-01 -2.92249E+00 
 5.41459E-01  4.53570E-01  4.54115E-01 -2.92079E+00 
 5.42458E-01  4.52614E-01  4.53160E-01 -2.91909E+00 
 5.43457E-01  4.51658E-01  4.52205E-01 -2.91738E+00 
 5.44456E-01  4.50701E-01  4.51249E-01 -2.91568E+00 
 5.45455E-01  4.49744E-01  4.50293E-01 -2.91397E+00 
 5.46454E-01  4.48787E-01  4.49337E-01 -2.91227E+00 
 5.47453E-01  4.47829E-01  4.48380E-01 -2.91056E+00 
 5.48452E-01  4.46871E-01  4.47423E-01 -2.90885E+00 
 5.49451E-01  4.45912E-01  4.46465E-01 -2.90714E+00 
 5.50450E-01  4.44953E-01  4.45507E-01 -2.90543E+00 
 5.51449E-01  4.43994E-01  4.44548E-01 -2.90372E+00 
 5.52448E-01  4.43034E-01  4.43590E-01 -2.90201E+00 
 5.53447E-01  4.42073E-01  4.42630E-01 -2.90029E+00 
 5.54446E-01  4.41113E-01  4.41671E-01 -2.89858E+00 
 5.55445E-01  4.40152E-01  4.40710E-01 -2.89686E+00 
 5.56444E-01  4.39190E-01  4.39750E-01 -2.89515E+00 
 5.57443E-01  4.38228E-01  4.38789E-01 -2.89343E+00 
 5.58442E-01  4.37266E-01  4.37828E-01 -2.89171E+00 
 5.59441E-01  4.36303E-01  4.36866E-01 -2.88999E+00 
 5.60440E-01  4.35340E-01  4.35904E-01 -2.88827E+00 
 5.61439E-01  4.34377E-01  4.34942E-01 -2.88655E+00 
 5.62438E-01  4.33413E-01  4.33979E-01 -2.88482E+00 
 5.63437E-01  4.32449E-01  4.33016E-01 -2.88310E+00 
 5.64436E-01  4.31485E-01  4.32053E-01 -2.88137E+00 
 5.65435E-01  4.30520E-01  4.31089E-01 -2.87965E+00 
 5.66434E-01  4.29555E-01  4.30125E-01 -2.87792E+00 
 5.67433E-01  4.28589E-01  4.29160E-01 -2.87619E+00 
 5.68432E-01  4.27624E-01  4.28195E-01 -2.87446E+00 
 5.69431E-01  4.26658E-01  4.27230E-01 -2.87273E+00 
 5.70430E-01  4.25691E-01  4.26265E-01 -2.87099E+00 
 5.71429E-01  4.24724E-01  4.25299E-01 -2.86926E+00 
 5.72428E-01  4.23757E-01  4.24333E-01 -2.86752E+00 
 5.73427E-01  4.22790E-01  4.23366E-01 -2.86579E+00 
 5.74426E-01  4.21822E-01  4.22399E-01 -2.86405E+00 
 5.75425E-01  4.20854E-01  4.21432E-01 -2.86231E+00 
 5.76424E-01  4.19885E-01  4.20465E-01 -2.86057E+00 
 5.77423E-01  4.18916E-01  4.19497E-01 -2.85883E+00 
 5.78422E-01  4.17947E-01  4.18529E-01 -2.85708E+00 
 5.79421E-01  4.16978E-01  4.17561E-01 -2.85534E+00 
 5.80420E-01  4.16008E-01  4.16592E-01 -2.85359E+00 
 5.81419E-01  4.15038E-01  4.15623E-01 -2.85184E+00 
 5.82418E-01  4.14068E-01  4.14654E-01 -2.85010E+00 
 5.83417E-01  4.13097E-01  4.13684E-01 -2.84834E+00 
 5.84416E-01  4.12127E-01  4.12714E-01 -2.84659E+00 
 5.85415E-01  4.11155E-01  4.11744E-01 -2.84484E+00 
 5.86414E-01  4.10184E-01  4.10774E-01 -2.84308E+00 
 5.87413E-01  4.09212E-01  4.09803E-01 -2.84133E+00 
 5.88412E-01  4.08240E-01  4.08832E-01 -2.83957E+00 
 5.89411E-01  4.07268E-01  4.07861E-01 -2.83781E+00 
 5.90410E-01  4.06295E-01  4.06889E-01 -2.83605E+00 
 5.91409E-01  4.05323E-01  4.05917E-01 -2.83429E+00 
 5.92408E-01  4.04350E-01  4.04945E-01 -2.83252E+00 
 5.93407E-01  4.03376E-01  4.03973E-01 -2.83076E+00 
 5.94406E-01  4.02403E-01  4.03000E-01 -2.82899E+00 
 5.95405E-01  4.01429E-01  4.02027E-01 -2.82722E+00 
 5.96404E-01  4.00455E-01  4.01054E-01 -2.82545E+00 
 5.97403E-01  3.99480E-01  4.00081E-01 -2.82368E+00 
 5.98402E-01  3.98505E-01  3.99107E-01 -2.82190E+00 
 5.99401E-01  3.97531E-01  3.98133E-01 -2.82013E+00 
 6.00400E-01  3.96555E-01  3.97159E-01 -2.81835E+00 
 6.01399E-01  3.95580E-01  3.96184E-01 -2.81657E+00 
 6.02398E-01  3.94604E-01  3.95210E-01 -2.81479E+00 
 6.03397E-01  3.93628E-01  3.94235E-01 -2.81301E+00 
 6.04396E-01  3.92652E-01  3.93260E-01 -2.81122E+00 
 6.05395E-01  3.91676E-01  3.92284E-01 -2.80944E+00 
 6.06394E-01  3.90699E-01  3.91309E-01 -2.80765E+00 
 6.07393E-01  3.89723E-01  3.90333E-01 -2.80586E+00 
 6.08392E-01  3.88745E-01  3.89357E-01 -2.80407E+00 
 6.09391E-01  3.87768E-01  3.88380E-01 -2.80227E+00 
 6.10390E-01  3.86791E-01  3.87404E-01 -2.80048E+00 
 6.11389E-01  3.85813E-01  3.86427E-01 -2.79868E+00 
 6.12388E-01  3.84835E-01  3.85450E-01 -2.79688E+00 
 6.13387E-01  3.83857E-01  3.84473E-01 -2.79508E+00 
 6.14386E-01  3.82878E-01  3.83496E-01 -2.79328E+00 
 6.15385E-01  3.81900E-01  3.82518E-01 -2.79147E+00 
 6.16384E-01  3.80921E-01  3.81540E-01 -2.78967E+00 
 6.17383E-01  3.79942E-01  3.80562E-01 -2.78786E+00 
 6.18382E-01  3.78963E-01  3.79584E-01 -2.78605E+00 
 6.19381E-01  3.77983E-01  3.78605E-01 -2.78424E+00 
 6.20380E-01  3.77004E-01  3.77627E-01 -2.78242E+00 
 6.21379E-01  3.76024E-01  3.76648E-01 -2.78060E+00 
 6.22378E-01  3.75044E-01  3.75669E-01 -2.77879E+00 
 6.23377E-01  3.74063E-01  3.74690E-01 -2.77696E+00 
 6.24376E-01  3.73083E-01  3.73710E-01 -2.77514E+00 
 6.25375E-01  3.72102E-01  3.72731E-01 -2.77332E+00 
 6.26374E-01  3.71122E-01  3.71751E-01 -2.77149E+00 
 6.27373E-01  3.70141E-01  3.70771E-01 -2.76966E+00 
 6.28372E-01  3.69159E-01  3.69790E-01 -2.76783E+00 
 6.29371E-01  3.68178E-01  3.68810E-01 -2.76599E+00 
 6.30370E-01  3.67196E-01  3.67829E-01 -2.76416E+00 
 6.31369E-01  3.66215E-01  3.66849E-01 -2.76232E+00 
 6.32368E-01  3.65233E-01  3.65868E-01 -2.76048E+00 
 6.33367E-01  3.64251E-01  3.64887E-01 -2.75864E+00 
 6.34366E-01  3.63268E-01  3.63905E-01 -2.75679E+00 
 6.35365E-01  3.62286E-01  3.62924E-01 -2.75494E+00 
 6.36364E-01  3.61303E-01  3.61942E-01 -2.75309E+00 
 6.37363E-01  3.60320E-01  3.60960E-01 -2.75124E+00 
 6.38362E-01  3.59337E-01  3.59978E-01 -2.74939E+00 
 6.39361E-01  3.58354E-01  3.58996E-01 -2.74753E+00 
 6.40360E-01  3.57371E-01  3.58014E-01 -2.74567E+00 
 6.41359E-01  3.56387E-01  3.57031E-01 -2.74381E+00 
 6.42358E-01  3.55404E-01  3.56049E-01 -2.74194E+00 
 6.43357E-01  3.54420E-01  3.55066E-01 -2.74008E+00 
 6.44356E-01  3.53436E-01  3.54083E-01 -2.73821E+00 
 6.45355E-01  3.52452E-01  3.53100E-01 -2.73634E+00 
 6.46354E-01  3.51467E-01  3.52116E-01 -2.73446E+00 
 6.47353E-01  3.50483E-01  3.51133E-01 -2.73258E+00 
 6.48352E-01  3.49498E-01  3.50149E-01 -2.73070E+00 
 6.49351E-01  3.48514E-01  3.49166E-01 -2.72882E+00 
 6.50350E-01  3.47529E-01  3.48182E-01 -2.72694E+00 
 6.51349E-01  3.46544E-01  3.47198E-01 -2.72505E+00 
 6.52348E-01  3.45559E-01  3.46213E-01 -2.72316E+00 
 6.53347E-01  3.44573E-01  3.45229E-01 -2.72127E+00 
 6.54346E-01  3.43588E-01  3.44245E-01 -2.71937E+00 
 6.55345E-01  3.42602E-01  3.43260E-01 -2.71747E+00 
 6.56344E-01  3.41616E-01  3.42275E-01 -2.71557E+00 
 6.57343E-01  3.40630E-01  3.41290E-01 -2.71367E+00 
 6.58342E-01  3.39644E-01  3.40305E-01 -2.71176E+00 
 6.59341E-01  3.38658E-01  3.39320E-01 -2.70985E+00 
 6.60340E-01  3.37672E-01  3.38335E-01 -2.70794E+00 
 6.61339E-01  3.36685E-01  3.37349E-01 -2.70603E+00 
 6.62338E-01  3.35699E-01  3.36363E-01 -2.70411E+00 
 6.63337E-01  3.34712E-01  3.35378E-01 -2.70219E+00 
 6.64336E-01  3.33725E-01  3.34392E-01 -2.70026E+00 
 6.65335E-01  3.32738E-01  3.33406E-01 -2.69834E+00 
 6.66334E-01  3.31751E-01  3.32420E-01 -2.69641E+00 
 6.67333E-01  3.30764E-01  3.31433E-01 -2.69447E+00 
 6.68332E-01  3.29776E-01  3.30447E-01 -2.69254E+00 
 6.69331E-01  3.28789E-01  3.29461E-01 -2.69060E+00 
 6.70330E-01  3.27801E-01  3.28474E-01 -2.68865E+00 
 6.71329E-01  3.26813E-01  3.27487E-01 -2.68671E+00 
 6.72328E-01  3.25826E-01  3.26500E-01 -2.68476E+00 
 6.73327E-01  3.24838E-01  3.25513E-01 -2.68281E+00 
 6.74326E-01  3.23849E-01  3.24526E-01 -2.68085E+00 
 6.75325E-01  3.22861E-01  3.23539E-01 -2.67890E+00 
 6.76324E-01  3.21873E-01  3.22552E-01 -2.67693E+00 
 6.77323E-01  3.20884E-01  3.21564E-01 -2.67497E+00 
 6.78322E-01  3.19896E-01  3.20577E-01 -2.67300E+00 
 6.79321E-01  3.18907E-01  3.19589E-01 -2.67103E+00 
 6.80320E-01  3.17918E-01  3.18601E-01 -2.66905E+00 
 6.81319E-01  3.16929E-01  3.17613E-01 -2.66708E+00 
 6.82318E-01  3.15940E-01  3.16625E-01 -2.66509E+00 
 6.83317E-01  3.14951E-01  3.15637E-01 -2.66311E+00 
 6.84316E-01  3.13962E-01  3.14649E-01 -2.66112E+00 
 6.85315E-01  3.12973E-01  3.13660E-01 -2.65913E+00 
 6.86314E-01  3.11983E-01  3.12672E-01 -2.65713E+00 
 6.87313E-01  3.10994E-01  3.11683E-01 -2.65513E+00 
 6.88312E-01  3.10004E-01  3.10695E-01 -2.65313E+00 
 6.89311E-01  3.09014E-01  3.09706E-01 -2.65112E+00 
 6.90310E-01  3.08024E-01  3.08717E-01 -2.64911E+00 
 6.91309E-01  3.07034E-01  3.07728E-01 -2.64710E+00 
 6.92308E-01  3.06044E-01  3.06739E-01 -2.64508E+00 
 6.93307E-01  3.05054E-01  3.05750E-01 -2.64306E+00 
 6.94306E-01  3.04064E-01  3.04761E-01 -2.64103E+00 
 6.95305E-01  3.03074E-01  3.03771E-01 -2.63900E+00 
 6.96304E-01  3.02083E-01  3.02782E-01 -2.63697E+00 
 6.97303E-01  3.01093E-01  3.01792E-01 -2.63493E+00 
 6.98302E-01  3.00102E-01  3.00803E-01 -2.63289E+00 
 6.99301E-01  2.99111E-01  2.99813E-01 -2.63085E+00 
 7.00300E-01  2.98121E-01  2.98823E-01 -2.62880E+00 
 7.01299E-01  2.97130E-01  2.97833E-01 -2.62675E+00 
 7.02298E-01  2.96139E-01  2.96843E-01 -2.62469E+00 
 7.03297E-01  2.95148E-01  2.95853E-01 -2.62263E+00 
 7.04296E-01  2.94156E-01  2.94863E-01 -2.62056E+00 
 7.05295E-01  2.93165E-01  2.93872E-01 -2.61849E+00 
 7.06294E-01  2.92174E-01  2.92882E-01 -2.61642E+00 
 7.07293E-01  2.91182E-01  2.91892E-01 -2.61434E+00 
 7.08292E-01  2.90191E-01  2.90901E-01 -2.61226E+00 
 7.09291E-01  2.89199E-01  2.89911E-01 -2.61017E+00 
 7.10290E-01  2.88207E-01  2.88920E-01 -2.60808E+00 
 7.11289E-01  2.87216E-01  2.87929E-01 -2.60599E+00 
 7.12288E-01  2.86224E-01  2.86938E-01 -2.60389E+00 
 7.13287E-01  2.85232E-01  2.85947E-01 -2.60179E+00 
 7.14286E-01  2.84240E-01  2.84956E-01 -2.59968E+00 
 7.15285E-01  2.83248E-01  2.83965E-01 -2.59756E+00 
 7.16284E-01  2.82256E-01  2.82974E-01 -2.59545E+00 
 7.17283E-01  2.81263E-01  2.81983E-01 -2.59332E+00 
 7.18282E-01  2.80271E-01  2.80991E-01 -2.59120E+00 
 7.19281E-01  2.79279E-01  2.80000E-01 -2.58906E+00 
 7.20280E-01  2.78286E-01  2.79008E-01 -2.58693E+00 
 7.21279E-01  2.77294E-01  2.78017E-01 -2.58479E+00 
 7.22278E-01  2.76301E-01  2.77025E-01 -2.58264E+00 
 7.23277E-01  2.75308E-01  2.76034E-01 -2.58049E+00 
 7.24276E-01  2.74316E-01  2.75042E-01 -2.57833E+00 
 7.25275E-01  2.73323E-01  2.74050E-01 -2.57617E+00 
 7.26274E-01  2.72330E-01  2.73058E-01 -2.57401E+00 
 7.27273E-01  2.71337E-01  2.72066E-01 -2.57184E+00 
 7.28272E-01  2.70344E-01  2.71074E-01 -2.56966E+00 
 7.29271E-01  2.69351E-01  2.70082E-01 -2.56748E+00 
 7.30270E-01  2.68358E-01  2.69090E-01 -2.56529E+00 
 7.31269E-01  2.67364E-01  2.68097E-01 -2.56310E+00 
 7.32268E-01  2.66371E-01  2.67105E-01 -2.56091E+00 
 7.33267E-01  2.65378E-01  2.66113E-01 -2.55870E+00 
 7.34266E-01  2.64384E-01  2.65120E-01 -2.55650E+00 
 7.35265E-01  2.63391E-01  2.64128E-01 -2.55428E+00 
 7.36264E-01  2.62397E-01  2.63135E-01 -2.55207E+00 
 7.37263E-01  2.61403E-01  2.62143E-01 -2.54984E+00 
 7.38262E-01  2.60410E-01  2.61150E-01 -2.54761E+00 
 7.39261E-01  2.59416E-01  2.60157E-01 -2.54538E+00 
 7.40260E-01  2.58422E-01  2.59164E-01 -2.54314E+00 
 7.41259E-01  2.57428E-01  2.58171E-01 -2.54089E+00 
 7.42258E-01  2.56434E-01  2.57178E-01 -2.53864E+00 
 7.43257E-01  2.55440E-01  2.56185E-01 -2.53638E+00 
 7.44256E-01  2.54446E-01  2.55192E-01 -2.53412E+00 
 7.45255E-01  2.53452E-01  2.54199E-01 -2.53185E+00 
 7.46254E-01  2.52458E-01  2.53206E-01 -2.52957E+00 
 7.47253E-01  2.51464E-01  2.52213E-01 -2.52729E+00 
 7.48252E-01  2.50469E-01  2.51219E-01 -2.52500E+00 
 7.49251E-01  2.49475E-01  2.50226E-01 -2.52271E+00 
 7.50250E-01  2.48481E-01  2.49233E-01 -2.52041E+00 
 7.51249E-01  2.47486E-01  2.48239E-01 -2.51810E+00 
 7.52248E-01  2.46492E-01  2.47246E-01 -2.51579E+00 
 7.53247E-01  2.45497E-01  2.46252E-01 -2.51347E+00 
 7.54246E-01  2.44502E-01  2.45258E-01 -2.51115E+00 
 7.55245E-01  2.43508E-01  2.44265E-01 -2.50882E+00 
 7.56244E-01  2.42513E-01  2.43271E-01 -2.50648E+00 
 7.57243E-01  2.41518E-01  2.42277E-01 -2.50413E+00 
 7.58242E-01  2.40523E-01  2.41283E-01 -2.50178E+00 
 7.59241E-01  2.39529E-01  2.40289E-01 -2.49942E+00 
 7.60240E-01  2.38534E-01  2.39296E-01 -2.49706E+00 
 7.61239E-01  2.37539E-01  2.38302E-01 -2.49469E+00 
 7.62238E-01  2.36544E-01  2.37307E-01 -2.49231E+00 
 7.63237E-01  2.35549E-01  2.36313E-01 -2.48992E+00 
 7.64236E-01  2.34553E-01  2.35319E-01 -2.48753E+00 
 7.65235E-01  2.33558E-01  2.34325E-01 -2.48513E+00 
 7.66234E-01  2.32563E-01  2.33331E-01 -2.48272E+00 
 7.67233E-01  2.31568E-01  2.32337E-01 -2.48031E+00 
 7.68232E-01  2.30572E-01  2.31342E-01 -2.47789E+00 
 7.69231E-01  2.29577E-01  2.30348E-01 -2.47546E+00 
 7.70230E-01  2.28582E-01  2.29353E-01 -2.47302E+00 
 7.71229E-01  2.27586E-01  2.28359E-01 -2.47058E+00 
 7.72228E-01  2.26591E-01  2.27364E-01 -2.46812E+00 
 7.73227E-01  2.25595E-01  2.26370E-01 -2.46566E+00 
 7.74226E-01  2.24600E-01  2.25375E-01 -2.46320E+00 
 7.75225E-01  2.23604E-01  2.24381E-01 -2.46072E+00 
 7.76224E-01  2.22608E-01  2.23386E-01 -2.45824E+00 
 7.77223E-01  2.21613E-01  2.22391E-01 -2.45575E+00 
 7.78222E-01  2.20617E-01  2.21396E-01 -2.45325E+00 
 7.79221E-01  2.19621E-01  2.20402E-01 -2.45074E+00 
 7.80220E-01  2.18625E-01  2.19407E-01 -2.44823E+00 
 7.81219E-01  2.17629E-01  2.18412E-01 -2.44570E+00 
 7.82218E-01  2.16633E-01  2.17417E-01 -2.44317E+00 
 7.83217E-01  2.15637E-01  2.16422E-01 -2.44063E+00 
 7.84216E-01  2.14641E-01  2.15427E-01 -2.43808E+00 
 7.85215E-01  2.13645E-01  2.14432E-01 -2.43552E+00 
 7.86214E-01  2.12649E-01  2.13437E-01 -2.43296E+00 
 7.87213E-01  2.11653E-01  2.12442E-01 -2.43038E+00 
 7.88212E-01  2.10657E-01  2.11447E-01 -2.42780E+00 
 7.89211E-01  2.09661E-01  2.10451E-01 -2.42521E+00 
 7.90210E-01  2.08665E-01  2.09456E-01 -2.42260E+00 
 7.91209E-01  2.07668E-01  2.08461E-01 -2.41999E+00 
 7.92208E-01  2.06672E-01  2.07466E-01 -2.41737E+00 
 7.93207E-01  2.05676E-01  2.06470E-01 -2.41474E+00 
 7.94206E-01  2.04679E-01  2.05475E-01 -2.41210E+00 
 7.95205E-01  2.03683E-01  2.04479E-01 -2.40945E+00 
 7.96204E-01  2.02686E-01  2.03484E-01 -2.40679E+00 
 7.97203E-01  2.01690E-01  2.02488E-01 -2.40412E+00 
 7.98202E-01  2.00693E-01  2.01493E-01 -2.40145E+00 
 7.99201E-01  1.99697E-01  2.00497E-01 -2.39876E+00 
 8.00200E-01  1.98700E-01  1.99502E-01 -2.39606E+00 
 8.01199E-01  1.97704E-01  1.98506E-01 -2.39335E+00 
 8.02198E-01  1.96707E-01  1.97510E-01 -2.39063E+00 
 8.03197E-01  1.95710E-01  1.96515E-01 -2.38790E+00 
 8.04196E-01  1.94714E-01  1.95519E-01 -2.38516E+00 
 8.05195E-01  1.93717E-01  1.94523E-01 -2.38241E+00 
 8.06194E-01  1.92720E-01  1.93528E-01 -2.37965E+00 
 8.07193E-01  1.91723E-01  1.92532E-01 -2.37687E+00 
 8.08192E-01  1.90726E-01  1.91536E-01 -2.37409E+00 
 8.09191E-01  1.89730E-01  1.90540E-01 -2.37129E+00 
 8.10190E-01  1.88733E-01  1.89544E-01 -2.36849E+00 
 8.11189E-01  1.87736E-01  1.88548E-01 -2.36567E+00 
 8.12188E-01  1.86739E-01  1.87552E-01 -2.36284E+00 
 8.13187E-01  1.85742E-01  1.86556E-01 -2.36000E+00 
 8.14186E-01  1.84745E-01  1.85560E-01 -2.35715E+00 
 8.15185E-01  1.83748E-01  1.84564E-01 -2.35428E+00 
 8.16184E-01  1.82751E-01  1.83568E-01 -2.35141E+00 
 8.17183E-01  1.81753E-01  1.82572E-01 -2.34852E+00 
 8.18182E-01  1.80756E-01  1.81576E-01 -2.34562E+00 
 8.19181E-01  1.79759E-01  1.80579E-01 -2.34270E+00 
 8.20180E-01  1.78762E-01  1.79583E-01 -2.33978E+00 
 8.21179E-01  1.77765E-01  1.78587E-01 -2.33684E+00 
 8.22178E-01  1.76768E-01  1.77591E-01 -2.33388E+00 
 8.23177E-01  1.75770E-01  1.76595E-01 -2.33092E+00 
 8.24176E-01  1.74773E-01  1.75598E-01 -2.32794E+00 
 8.25175E-01  1.73776E-01  1.74602E-01 -2.32495E+00 
 8.26174E-01  1.72778E-01  1.73605E-01 -2.32194E+00 
 8.27173E-01  1.71781E-01  1.72609E-01 -2.31892E+00 
 8.28172E-01  1.70783E-01  1.71613E-01 -2.31589E+00 
 8.29171E-01  1.69786E-01  1.70616E-01 -2.31284E+00 
 8.30170E-01  1.68789E-01  1.69620E-01 -2.30978E+00 
 8.31169E-01  1.67791E-01  1.68623E-01 -2.30671E+00 
 8.32168E-01  1.66794E-01  1.67627E-01 -2.30361E+00 
 8.33167E-01  1.65796E-01  1.66630E-01 -2.30051E+00 
 8.34166E-01  1.64799E-01  1.65634E-01 -2.29739E+00 
 8.35165E-01  1.63801E-01  1.64637E-01 -2.29425E+00 
 8.36164E-01  1.62803E-01  1.63640E-01 -2.29110E+00 
 8.37163E-01  1.61806E-01  1.62644E-01 -2.28794E+00 
 8.38162E-01  1.60808E-01  1.61647E-01 -2.28475E+00 
 8.39161E-01  1.59810E-01  1.60651E-01 -2.28156E+00 
 8.40160E-01  1.58813E-01  1.59654E-01 -2.27834E+00 
 8.41159E-01  1.57815E-01  1.58657E-01 -2.27511E+00 
 8.42158E-01  1.56817E-01  1.57660E-01 -2.27186E+00 
 8.43157E-01  1.55820E-01  1.56664E-01 -2.26860E+00 
 8.44156E-01  1.54822E-01  1.55667E-01 -2.26532E+00 
 8.45155E-01  1.53824E-01  1.54670E-01 -2.26202E+00 
 8.46154E-01  1.52826E-01  1.53673E-01 -2.25870E+00 
 8.47153E-01  1.51828E-01  1.52676E-01 -2.25537E+00 
 8.48152E-01  1.50830E-01  1.51679E-01 -2.25202E+00 
 8.49151E-01  1.49833E-01  1.50683E-01 -2.24865E+00 
 8.50150E-01  1.48835E-01  1.49686E-01 -2.24526E+00 
 8.51149E-01  1.47837E-01  1.48689E-01 -2.24185E+00 
 8.52148E-01  1.46839E-01  1.47692E-01 -2.23842E+00 
 8.53147E-01  1.45841E-01  1.46695E-01 -2.23498E+00 
 8.54146E-01  1.44843E-01  1.45698E-01 -2.23151E+00 
 8.55145E-01  1.43845E-01  1.44701E-01 -2.22803E+00 
 8.56144E-01  1.42847E-01  1.43704E-01 -2.22452E+00 
 8.57143E-01  1.41849E-01  1.42707E-01 -2.22100E+00 
 8.58142E-01  1.40851E-01  1.41710E-01 -2.21745E+00 
 8.59141E-01  1.39853E-01  1.40712E-01 -2.21389E+00 
 8.60140E-01  1.38854E-01  1.39715E-01 -2.21030E+00 
 8.61139E-01  1.37856E-01  1.38718E-01 -2.20669E+00 
 8.62138E-01  1.36858E-01  1.37721E-01 -2.20306E+00 
 8.63137E-01  1.35860E-01  1.36724E-01 -2.19940E+00 
 8.64136E-01  1.34862E-01  1.35727E-01 -2.19573E+00 
 8.65135E-01  1.33864E-01  1.34730E-01 -2.19203E+00 
 8.66134E-01  1.32865E-01  1.33732E-01 -2.18830E+00 
 8.67133E-01  1.31867E-01  1.32735E-01 -2.18456E+00 
 8.68132E-01  1.30869E-01  1.31738E-01 -2.18079E+00 
 8.69131E-01  1.29871E-01  1.30741E-01 -2.17699E+00 
 8.70130E-01  1.28872E-01  1.29743E-01 -2.17317E+00 
 8.71129E-01  1.27874E-01  1.28746E-01 -2.16933E+00 
 8.72128E-01  1.26876E-01  1.27749E-01 -2.16546E+00 
 8.73127E-01  1.25878E-01  1.26751E-01 -2.16156E+00 
 8.74126E-01  1.24879E-01  1.25754E-01 -2.15764E+00 
 8.75125E-01  1.23881E-01  1.24757E-01 -2.15369E+00 
 8.76124E-01  1.22883E-01  1.23759E-01 -2.14971E+00 
 8.77123E-01  1.21884E-01  1.22762E-01 -2.14571E+00 
 8.78122E-01  1.20886E-01  1.21764E-01 -2.14167E+00 
 8.79121E-01  1.19887E-01  1.20767E-01 -2.13761E+00 
 8.80120E-01  1.18889E-01  1.19770E-01 -2.13352E+00 
 8.81119E-01  1.17890E-01  1.18772E-01 -2.12940E+00 
 8.82118E-01  1.16892E-01  1.17775E-01 -2.12525E+00 
 8.83117E-01  1.15893E-01  1.16777E-01 -2.12107E+00 
 8.84116E-01  1.14895E-01  1.15780E-01 -2.11686E+00 
 8.85115E-01  1.13896E-01  1.14782E-01 -2.11262E+00 
 8.86114E-01  1.12898E-01  1.13785E-01 -2.10834E+00 
 8.87113E-01  1.11899E-01  1.12787E-01 -2.10403E+00 
 8.88112E-01  1.10901E-01  1.11789E-01 -2.09969E+00 
 8.89111E-01  1.09902E-01  1.10792E-01 -2.09531E+00 
 8.90110E-01  1.08904E-01  1.09794E-01 -2.09090E+00 
 8.91109E-01  1.07905E-01  1.08797E-01 -2.08645E+00 
 8.92108E-01  1.06907E-01  1.07799E-01 -2.08197E+00 
 8.93107E-01  1.05908E-01  1.06801E-01 -2.07745E+00 
 8.94106E-01  1.04909E-01  1.05804E-01 -2.07289E+00 
 8.95105E-01  1.03911E-01  1.04806E-01 -2.06830E+00 
 8.96104E-01  1.02912E-01  1.03808E-01 -2.06367E+00 
 8.97103E-01  1.01913E-01  1.02811E-01 -2.05899E+00 
 8.98102E-01  1.00915E-01  1.01813E-01 -2.05428E+00 
 8.99101E-01  9.99159E-02  1.00815E-01 -2.04952E+00 
 9.00100E-01  9.89172E-02  9.98177E-02 -2.04473E+00 
 9.01099E-01  9.79185E-02  9.88200E-02 -2.03989E+00 
 9.02098E-01  9.69198E-02  9.78222E-02 -2.03500E+00 
 9.03097E-01  9.59210E-02  9.68245E-02 -2.03007E+00 
 9.04096E-01  9.49223E-02  9.58267E-02 -2.02510E+00 
 9.05095E-01  9.39235E-02  9.48289E-02 -2.02008E+00 
 9.06094E-01  9.29247E-02  9.38311E-02 -2.01501E+00 
 9.07093E-01  9.19259E-02  9.28333E-02 -2.00989E+00 
 9.08092E-01  9.09271E-02  9.18355E-02 -2.00473E+00 
 9.09091E-01  8.99283E-02  9.08377E-02 -1.99951E+00 
 9.10090E-01  8.89295E-02  8.98399E-02 -1.99424E+00 
 9.11089E-01  8.79306E-02  8.88420E-02 -1.98891E+00 
 9.12088E-01  8.69318E-02  8.78442E-02 -1.98354E+00 
 9.13087E-01  8.59329E-02  8.68463E-02 -1.97811E+00 
 9.14086E-01  8.49341E-02  8.58484E-02 -1.97262E+00 
 9.15085E-01  8.39352E-02  8.48505E-02 -1.96707E+00 
 9.16084E-01  8.29363E-02  8.38526E-02 -1.96146E+00 
 9.17083E-01  8.19374E-02  8.28547E-02 -1.95579E+00 
 9.18082E-01  8.09385E-02  8.18568E-02 -1.95006E+00 
 9.19081E-01  7.99396E-02  8.08589E-02 -1.94427E+00 
 9.20080E-01  7.89406E-02  7.98609E-02 -1.93840E+00 
 9.21079E-01  7.79417E-02  7.88630E-02 -1.93248E+00 
 9.22078E-01  7.69427E-02  7.78650E-02 -1.92648E+00 
 9.23077E-01  7.59438E-02  7.68670E-02 -1.92041E+00 
 9.24076E-01  7.49448E-02  7.58691E-02 -1.91427E+00 
 9.25075E-01  7.39458E-02  7.48711E-02 -1.90805E+00 
 9.26074E-01  7.29468E-02  7.38731E-02 -1.90176E+00 
 9.27073E-01  7.19478E-02  7.28750E-02 -1.89539E+00 
 9.28072E-01  7.09488E-02  7.18770E-02 -1.88894E+00 
 9.29071E-01  6.99498E-02  7.08790E-02 -1.88240E+00 
 9.30070E-01  6.89508E-02  6.98810E-02 -1.87578E+00 
 9.31069E-01  6.79517E-02  6.88829E-02 -1.86907E+00 
 9.32068E-01  6.69527E-02  6.78849E-02 -1.86227E+00 
 9.33067E-01  6.59536E-02  6.68868E-02 -1.85538E+00 
 9.34066E-01  6.49546E-02  6.58887E-02 -1.84839E+00 
 9.35065E-01  6.39555E-02  6.48906E-02 -1.84130E+00 
 9.36064E-01  6.29564E-02  6.38925E-02 -1.83411E+00 
 9.37063E-01  6.19573E-02  6.28944E-02 -1.82681E+00 
 9.38062E-01  6.09582E-02  6.18963E-02 -1.81940E+00 
 9.39061E-01  5.99591E-02  6.08982E-02 -1.81189E+00 
 9.40060E-01  5.89600E-02  5.99001E-02 -1.80425E+00 
 9.41059E-01  5.79609E-02  5.89020E-02 -1.79650E+00 
 9.42058E-01  5.69617E-02  5.79038E-02 -1.78862E+00 
 9.43057E-01  5.59626E-02  5.69057E-02 -1.78061E+00 
 9.44056E-01  5.49634E-02  5.59075E-02 -1.77247E+00 
 9.45055E-01  5.39643E-02  5.49093E-02 -1.76419E+00 
 9.46054E-01  5.29651E-02  5.39112E-02 -1.75577E+00 
 9.47053E-01  5.19659E-02  5.29130E-02 -1.74720E+00 
 9.48052E-01  5.09668E-02  5.19148E-02 -1.73847E+00 
 9.49051E-01  4.99676E-02  5.09166E-02 -1.72959E+00 
 9.50050E-01  4.89684E-02  4.99184E-02 -1.72053E+00 
 9.51049E-01  4.79692E-02  4.89202E-02 -1.71131E+00 
 9.52048E-01  4.69700E-02  4.79220E-02 -1.70190E+00 
 9.53047E-01  4.59708E-02  4.69237E-02 -1.69231E+00 
 9.54046E-01  4.49715E-02  4.59255E-02 -1.68252E+00 
 9.55045E-01  4.39723E-02  4.49273E-02 -1.67253E+00 
 9.56044E-01  4.29731E-02  4.39290E-02 -1.66232E+00 
 9.57043E-01  4.19738E-02  4.29308E-02 -1.65188E+00 
 9.58042E-01  4.09746E-02  4.19325E-02 -1.64122E+00 
 9.59041E-01  3.99753E-02  4.09342E-02 -1.63030E+00 
 9.60040E-01  3.89760E-02  3.99360E-02 -1.61913E+00 
 9.61039E-01  3.79768E-02  3.89377E-02 -1.60769E+00 
 9.62038E-01  3.69775E-02  3.79394E-02 -1.59596E+00 
 9.63037E-01  3.59782E-02  3.69411E-02 -1.58394E+00 
 9.64036E-01  3.49789E-02  3.59428E-02 -1.57159E+00 
 9.65035E-01  3.39796E-02  3.49445E-02 -1.55891E+00 
 9.66034E-01  3.29803E-02  3.39462E-02 -1.54588E+00 
 9.67033E-01  3.19810E-02  3.29478E-02 -1.53247E+00 
 9.68032E-01  3.09817E-02  3.19495E-02 -1.51866E+00 
 9.69031E-01  2.99824E-02  3.09512E-02 -1.50443E+00 
 9.70030E-01  2.89830E-02  2.99528E-02 -1.48975E+00 
 9.71029E-01  2.79837E-02  2.89545E-02 -1.47459E+00 
 9.72028E-01  2.69843E-02  2.79561E-02 -1.45890E+00 
 9.73027E-01  2.59850E-02  2.69578E-02 -1.44267E+00 
 9.74026E-01  2.49856E-02  2.59594E-02 -1.42584E+00 
 9.75025E-01  2.39863E-02  2.49610E-02 -1.40836E+00 
 9.76024E-01  2.29869E-02  2.39627E-02 -1.39020E+00 
 9.77023E-01  2.19875E-02  2.29643E-02 -1.37127E+00 
 9.78022E-01  2.09882E-02  2.19659E-02 -1.35153E+00 
 9.79021E-01  1.99888E-02  2.09675E-02 -1.33089E+00 
 9.80020E-01  1.89894E-02  1.99691E-02 -1.30926E+00 
 9.81019E-01  1.79900E-02  1.89707E-02 -1.28655E+00 
 9.82018E-01  1.69906E-02  1.79723E-02 -1.26263E+00 
 9.83017E-01  1.59912E-02  1.69739E-02 -1.23737E+00 
 9.84016E-01  1.49918E-02  1.59754E-02 -1.21060E+00 
 9.85015E-01  1.39924E-02  1.49770E-02 -1.18214E+00 
 9.86014E-01  1.29929E-02  1.39786E-02 -1.15174E+00 
 9.87013E-01  1.19935E-02  1.29802E-02 -1.11912E+00 
 9.88012E-01  1.09941E-02  1.19817E-02 -1.08392E+00 
 9.89011E-01  9.99464E-03  1.09833E-02 -1.04570E+00 
 9.90010E-01  8.99520E-03  9.98481E-03 -1.00387E+00 
 9.91009E-01  7.99575E-03  8.98636E-03 -9.57683E-01 
 9.92008E-01  6.99630E-03  7.98790E-03 -9.06098E-01 
 9.93007E-01  5.99684E-03  6.98943E-03 -8.47673E-01 
 9.94006E-01  4.99738E-03  5.99096E-03 -7.80295E-01 
 9.95005E-01  3.99791E-03  4.99248E-03 -7.00682E-01 
 9.96004E-01  2.99844E-03  3.99400E-03 -6.03342E-01 
 9.97003E-01  1.99897E-03  2.99551E-03 -4.77973E-01 
 9.98002E-01  9.99485E-04  1.99702E-03 -3.01454E-01 
