      1.0000000     -2.0000000      0.0000000      1.0000000      0.0000000      1.0000000
      1.1000000     -2.0000000      0.0000000      1.0000000      0.0000000      1.0000000
      1.2000000     -2.0000000      0.0000000      1.0000000      0.0000000      1.0000000
      1.3000000     -1.9600000     0.18556213     0.99000000    0.015076923     0.99000000
      1.4000000     -1.9800000    0.080816327     0.11000000    0.028285714     0.99000000
      1.5000000     -1.8400000     0.52337778    -0.26000000     0.16026667     0.93000000
      1.6000000     -1.8200000     0.51187500     0.93000000     0.13775000     0.93000000
      1.7000000     -1.9800000    0.054809689     0.99500000   0.0058235294     0.99500000
      1.8000000     -1.9000000     0.23456790     0.35000000    0.042444444     0.97000000
      1.9000000     -1.9200000     0.17019391    -0.67000000    0.020210526     0.98000000
