   histogram  
0 1.00000000e+00
1 9.90505000e-01
2 9.80750000e-01
3 9.68571000e-01
4 9.56493000e-01
5 9.45211000e-01
6 9.32827000e-01
7 9.19431000e-01
8 9.08027000e-01
9 8.96890000e-01
10 8.85233000e-01
11 8.73694000e-01
12 8.60934000e-01
13 8.47264000e-01
14 8.36390000e-01
15 8.26022000e-01
16 8.12831000e-01
17 7.99987000e-01
18 7.87345000e-01
19 7.73630000e-01
20 7.60151000e-01
21 7.48641000e-01
22 7.38066000e-01
23 7.28123000e-01
24 7.18783000e-01
25 7.09579000e-01
26 7.00392000e-01
27 6.90380000e-01
28 6.81076000e-01
29 6.70742000e-01
30 6.59160000e-01
31 6.48352000e-01
32 6.36984000e-01
33 6.24424000e-01
34 6.13427000e-01
35 6.03505000e-01
36 5.91285000e-01
37 5.78758000e-01
38 5.67068000e-01
39 5.54680000e-01
40 5.43575000e-01
41 5.33686000e-01
42 5.24171000e-01
43 5.15024000e-01
44 5.05958000e-01
45 4.97015000e-01
46 4.86984000e-01
47 4.76541000e-01
48 4.67675000e-01
49 4.57705000e-01
50 4.47538000e-01
51 4.37999000e-01
52 4.27463000e-01
53 4.16501000e-01
54 4.06931000e-01
55 3.97557000e-01
56 3.87508000e-01
57 3.78262000e-01
58 3.68924000e-01
59 3.57914000e-01
60 3.47249000e-01
61 3.37188000e-01
62 3.27910000e-01
63 3.18798000e-01
64 3.10474000e-01
65 3.01305000e-01
66 2.91532000e-01
67 2.82686000e-01
68 2.73583000e-01
69 2.64488000e-01
70 2.55214000e-01
71 2.46620000e-01
72 2.38207000e-01
73 2.29247000e-01
74 2.20147000e-01
75 2.11688000e-01
76 2.03588000e-01
77 1.94546000e-01
78 1.85715000e-01
79 1.76789000e-01
80 1.67268000e-01
81 1.58265000e-01
82 1.49784000e-01
83 1.41197000e-01
84 1.33333000e-01
85 1.25437000e-01
86 1.17615000e-01
87 1.09628000e-01
88 1.01213000e-01
89 9.29540000e-02
90 8.45770000e-02
91 7.57860000e-02
92 6.72200000e-02
93 5.90100000e-02
94 5.06150000e-02
95 4.21740000e-02
96 3.36530000e-02
97 2.51620000e-02
98 1.67180000e-02
