   histogram  
0 1.00000000e+00
1 8.61078000e-01
2 7.27414000e-01
3 5.90336000e-01
4 4.74043000e-01
5 3.72118000e-01
6 2.86816000e-01
7 2.13894000e-01
8 1.53484000e-01
9 1.10594000e-01
10 7.47520000e-02
11 4.96990000e-02
12 3.20920000e-02
13 2.07590000e-02
14 1.33140000e-02
15 7.88600000e-03
16 4.93900000e-03
17 3.01600000e-03
18 1.68800000e-03
19 9.75000000e-04
20 3.00000000e-04
21 1.39000000e-04
22 7.90000000e-05
23 5.80000000e-05
24 8.00000000e-06
25 0.00000000e+00
26 0.00000000e+00
27 0.00000000e+00
28 0.00000000e+00
29 0.00000000e+00
30 0.00000000e+00
31 0.00000000e+00
32 0.00000000e+00
33 0.00000000e+00
34 0.00000000e+00
35 0.00000000e+00
36 0.00000000e+00
37 0.00000000e+00
38 0.00000000e+00
39 0.00000000e+00
40 0.00000000e+00
41 0.00000000e+00
42 0.00000000e+00
43 0.00000000e+00
44 0.00000000e+00
45 0.00000000e+00
46 0.00000000e+00
47 0.00000000e+00
48 0.00000000e+00
49 0.00000000e+00
50 0.00000000e+00
51 0.00000000e+00
52 0.00000000e+00
53 0.00000000e+00
54 0.00000000e+00
55 0.00000000e+00
56 0.00000000e+00
57 0.00000000e+00
58 0.00000000e+00
59 0.00000000e+00
60 0.00000000e+00
61 0.00000000e+00
62 0.00000000e+00
63 0.00000000e+00
64 0.00000000e+00
65 0.00000000e+00
66 0.00000000e+00
67 0.00000000e+00
68 0.00000000e+00
69 0.00000000e+00
70 0.00000000e+00
71 0.00000000e+00
72 0.00000000e+00
73 0.00000000e+00
74 0.00000000e+00
75 0.00000000e+00
76 0.00000000e+00
77 0.00000000e+00
78 0.00000000e+00
79 0.00000000e+00
80 0.00000000e+00
81 0.00000000e+00
82 0.00000000e+00
83 0.00000000e+00
84 0.00000000e+00
85 0.00000000e+00
86 0.00000000e+00
87 0.00000000e+00
88 0.00000000e+00
89 0.00000000e+00
90 0.00000000e+00
91 0.00000000e+00
92 0.00000000e+00
93 0.00000000e+00
94 0.00000000e+00
95 0.00000000e+00
96 0.00000000e+00
97 0.00000000e+00
98 0.00000000e+00
