   histogram  
0 1.00000000e+00
1 9.44721000e-01
2 8.91526000e-01
3 8.37526000e-01
4 7.82855000e-01
5 7.27627000e-01
6 6.75206000e-01
7 6.22714000e-01
8 5.73476000e-01
9 5.24501000e-01
10 4.80763000e-01
11 4.37253000e-01
12 3.97139000e-01
13 3.56317000e-01
14 3.21200000e-01
15 2.86608000e-01
16 2.57257000e-01
17 2.28219000e-01
18 2.03546000e-01
19 1.79111000e-01
20 1.59291000e-01
21 1.38798000e-01
22 1.21561000e-01
23 1.04416000e-01
24 9.08410000e-02
25 7.71470000e-02
26 6.63490000e-02
27 5.57560000e-02
28 4.77820000e-02
29 3.96780000e-02
30 3.37010000e-02
31 2.79760000e-02
32 2.38610000e-02
33 1.93760000e-02
34 1.58380000e-02
35 1.23840000e-02
36 1.00010000e-02
37 7.91500000e-03
38 6.68400000e-03
39 5.43000000e-03
40 4.52800000e-03
41 3.55400000e-03
42 2.85000000e-03
43 2.16800000e-03
44 1.69100000e-03
45 1.22100000e-03
46 9.79000000e-04
47 7.67000000e-04
48 6.66000000e-04
49 5.27000000e-04
50 4.03000000e-04
51 2.82000000e-04
52 2.27000000e-04
53 1.68000000e-04
54 1.33000000e-04
55 1.25000000e-04
56 9.50000000e-05
57 4.60000000e-05
58 3.40000000e-05
59 2.40000000e-05
60 2.10000000e-05
61 1.60000000e-05
62 1.40000000e-05
63 9.00000000e-06
64 7.00000000e-06
65 6.00000000e-06
66 6.00000000e-06
67 5.00000000e-06
68 3.00000000e-06
69 0.00000000e+00
70 0.00000000e+00
71 0.00000000e+00
72 0.00000000e+00
73 0.00000000e+00
74 0.00000000e+00
75 0.00000000e+00
76 0.00000000e+00
77 0.00000000e+00
78 0.00000000e+00
79 0.00000000e+00
80 0.00000000e+00
81 0.00000000e+00
82 0.00000000e+00
83 0.00000000e+00
84 0.00000000e+00
85 0.00000000e+00
86 0.00000000e+00
87 0.00000000e+00
88 0.00000000e+00
89 0.00000000e+00
90 0.00000000e+00
91 0.00000000e+00
92 0.00000000e+00
93 0.00000000e+00
94 0.00000000e+00
95 0.00000000e+00
96 0.00000000e+00
97 0.00000000e+00
98 0.00000000e+00
