   histogram  
0 1.00000000e+00
1 9.77272000e-01
2 9.45950000e-01
3 9.08262000e-01
4 8.86280000e-01
5 8.56008000e-01
6 8.30687000e-01
7 7.96604000e-01
8 7.65432000e-01
9 7.35962000e-01
10 7.02174000e-01
11 6.76881000e-01
12 6.52835000e-01
13 6.24199000e-01
14 6.02015000e-01
15 5.79058000e-01
16 5.53436000e-01
17 5.30913000e-01
18 5.07318000e-01
19 4.84836000e-01
20 4.63426000e-01
21 4.41040000e-01
22 4.18490000e-01
23 3.96743000e-01
24 3.81698000e-01
25 3.59323000e-01
26 3.38794000e-01
27 3.17659000e-01
28 3.02560000e-01
29 2.86954000e-01
30 2.73358000e-01
31 2.56353000e-01
32 2.46513000e-01
33 2.29934000e-01
34 2.16957000e-01
35 2.03384000e-01
36 1.91767000e-01
37 1.80919000e-01
38 1.69016000e-01
39 1.58825000e-01
40 1.48867000e-01
41 1.41399000e-01
42 1.30174000e-01
43 1.22651000e-01
44 1.14925000e-01
45 1.05202000e-01
46 9.85020000e-02
47 9.11320000e-02
48 8.35400000e-02
49 7.72760000e-02
50 7.00020000e-02
51 6.39010000e-02
52 6.04810000e-02
53 5.75240000e-02
54 5.30410000e-02
55 4.89160000e-02
56 4.44410000e-02
57 4.07670000e-02
58 3.88190000e-02
59 3.50340000e-02
60 3.20500000e-02
61 3.00470000e-02
62 2.77100000e-02
63 2.57970000e-02
64 2.40760000e-02
65 2.20730000e-02
66 1.94400000e-02
67 1.74970000e-02
68 1.58470000e-02
69 1.48950000e-02
70 1.38090000e-02
71 1.23070000e-02
72 1.11880000e-02
73 1.03090000e-02
74 9.26400000e-03
75 7.46800000e-03
76 6.54300000e-03
77 6.49200000e-03
78 5.94200000e-03
79 5.07300000e-03
80 4.31200000e-03
81 3.74900000e-03
82 3.09100000e-03
83 2.71500000e-03
84 2.48000000e-03
85 2.36500000e-03
86 2.45300000e-03
87 1.92200000e-03
88 1.86500000e-03
89 1.78800000e-03
90 1.65800000e-03
91 1.39200000e-03
92 9.59000000e-04
93 9.16000000e-04
94 7.78000000e-04
95 6.88000000e-04
96 6.39000000e-04
97 4.84000000e-04
98 2.47000000e-04
