Brute force Monte Carlo: 
Integral:     Variance:     Standard Deviation:      n: 
0.093212      -0.008639      137.130958                   1000 
0.150396      -0.020895      67.442177                   10000 
0.222673      -0.033895      27.162678                   100000 
0.190191      -0.029470      8.009405                   1000000 
0.179076      -0.018774      2.021568                   10000000 
0.192754      -0.008768      0.436883                   100000000 
Improved Monte Carlo: 
Integral:     Variance:     Standard Deviation:      n: 
0.181563      -0.008133      0.069448                1000 
0.182732      -0.009248      0.023418                10000 
0.194373      0.008164      0.006958                100000 
0.192976      0.006328      0.001937                1000000 
0.192717      0.010578      0.000792                10000000 
0.192789      0.008894      0.000230                100000000 
Exact answer: 0.192766