x v u error 
     0.00000      0.00000      0.00000      0.00000 
     0.00100      0.00894      0.00894     -5.07989 
     0.00200      0.01778      0.01778     -5.07989 
     0.00300      0.02653      0.02653     -5.07989 
     0.00400      0.03518      0.03518     -5.07989 
     0.00500      0.04373      0.04373     -5.07989 
     0.00599      0.05218      0.05219     -5.07988 
     0.00699      0.06055      0.06055     -5.07988 
     0.00799      0.06882      0.06882     -5.07988 
     0.00899      0.07700      0.07700     -5.07988 
     0.00999      0.08508      0.08508     -5.07988 
     0.01099      0.09308      0.09308     -5.07988 
     0.01199      0.10098      0.10099     -5.07988 
     0.01299      0.10880      0.10880     -5.07988 
     0.01399      0.11653      0.11653     -5.07988 
     0.01499      0.12418      0.12418     -5.07988 
     0.01598      0.13174      0.13174     -5.07988 
     0.01698      0.13921      0.13921     -5.07987 
     0.01798      0.14660      0.14660     -5.07987 
     0.01898      0.15390      0.15390     -5.07987 
     0.01998      0.16113      0.16113     -5.07987 
     0.02098      0.16827      0.16827     -5.07987 
     0.02198      0.17533      0.17533     -5.07987 
     0.02298      0.18231      0.18231     -5.07987 
     0.02398      0.18921      0.18921     -5.07987 
     0.02498      0.19603      0.19603     -5.07987 
     0.02597      0.20277      0.20278     -5.07987 
     0.02697      0.20944      0.20944     -5.07986 
     0.02797      0.21603      0.21603     -5.07986 
     0.02897      0.22255      0.22255     -5.07986 
     0.02997      0.22899      0.22899     -5.07986 
     0.03097      0.23536      0.23536     -5.07986 
     0.03197      0.24165      0.24165     -5.07986 
     0.03297      0.24787      0.24787     -5.07986 
     0.03397      0.25402      0.25402     -5.07986 
     0.03497      0.26010      0.26010     -5.07986 
     0.03596      0.26611      0.26611     -5.07986 
     0.03696      0.27205      0.27205     -5.07985 
     0.03796      0.27792      0.27792     -5.07985 
     0.03896      0.28372      0.28372     -5.07985 
     0.03996      0.28945      0.28945     -5.07985 
     0.04096      0.29512      0.29512     -5.07985 
     0.04196      0.30072      0.30072     -5.07985 
     0.04296      0.30625      0.30626     -5.07985 
     0.04396      0.31172      0.31173     -5.07985 
     0.04496      0.31713      0.31713     -5.07985 
     0.04595      0.32247      0.32247     -5.07984 
     0.04695      0.32775      0.32775     -5.07984 
     0.04795      0.33297      0.33297     -5.07984 
     0.04895      0.33812      0.33812     -5.07984 
     0.04995      0.34322      0.34322     -5.07984 
     0.05095      0.34825      0.34825     -5.07984 
     0.05195      0.35322      0.35322     -5.07984 
     0.05295      0.35814      0.35814     -5.07984 
     0.05395      0.36299      0.36299     -5.07984 
     0.05495      0.36779      0.36779     -5.07983 
     0.05594      0.37253      0.37253     -5.07983 
     0.05694      0.37721      0.37721     -5.07983 
     0.05794      0.38183      0.38184     -5.07983 
     0.05894      0.38640      0.38641     -5.07983 
     0.05994      0.39092      0.39092     -5.07983 
     0.06094      0.39538      0.39538     -5.07983 
     0.06194      0.39978      0.39979     -5.07983 
     0.06294      0.40414      0.40414     -5.07983 
     0.06394      0.40843      0.40844     -5.07982 
     0.06494      0.41268      0.41268     -5.07982 
     0.06593      0.41687      0.41688     -5.07982 
     0.06693      0.42102      0.42102     -5.07982 
     0.06793      0.42511      0.42511     -5.07982 
     0.06893      0.42915      0.42915     -5.07982 
     0.06993      0.43314      0.43314     -5.07982 
     0.07093      0.43708      0.43708     -5.07982 
     0.07193      0.44097      0.44097     -5.07981 
     0.07293      0.44481      0.44482     -5.07981 
     0.07393      0.44861      0.44861     -5.07981 
     0.07493      0.45235      0.45236     -5.07981 
     0.07592      0.45605      0.45606     -5.07981 
     0.07692      0.45971      0.45971     -5.07981 
     0.07792      0.46331      0.46332     -5.07981 
     0.07892      0.46688      0.46688     -5.07981 
     0.07992      0.47039      0.47040     -5.07980 
     0.08092      0.47386      0.47387     -5.07980 
     0.08192      0.47729      0.47729     -5.07980 
     0.08292      0.48067      0.48068     -5.07980 
     0.08392      0.48401      0.48401     -5.07980 
     0.08492      0.48731      0.48731     -5.07980 
     0.08591      0.49056      0.49056     -5.07980 
     0.08691      0.49377      0.49378     -5.07980 
     0.08791      0.49694      0.49694     -5.07979 
     0.08891      0.50007      0.50007     -5.07979 
     0.08991      0.50315      0.50316     -5.07979 
     0.09091      0.50620      0.50620     -5.07979 
     0.09191      0.50921      0.50921     -5.07979 
     0.09291      0.51217      0.51218     -5.07979 
     0.09391      0.51510      0.51510     -5.07979 
     0.09491      0.51799      0.51799     -5.07979 
     0.09590      0.52084      0.52084     -5.07978 
     0.09690      0.52365      0.52365     -5.07978 
     0.09790      0.52642      0.52642     -5.07978 
     0.09890      0.52915      0.52916     -5.07978 
     0.09990      0.53185      0.53186     -5.07978 
     0.10090      0.53451      0.53452     -5.07978 
     0.10190      0.53714      0.53714     -5.07978 
     0.10290      0.53973      0.53973     -5.07977 
     0.10390      0.54228      0.54229     -5.07977 
     0.10490      0.54480      0.54480     -5.07977 
     0.10589      0.54728      0.54729     -5.07977 
     0.10689      0.54973      0.54974     -5.07977 
     0.10789      0.55215      0.55215     -5.07977 
     0.10889      0.55453      0.55453     -5.07977 
     0.10989      0.55687      0.55688     -5.07977 
     0.11089      0.55919      0.55919     -5.07976 
     0.11189      0.56147      0.56147     -5.07976 
     0.11289      0.56372      0.56372     -5.07976 
     0.11389      0.56593      0.56594     -5.07976 
     0.11489      0.56811      0.56812     -5.07976 
     0.11588      0.57027      0.57027     -5.07976 
     0.11688      0.57239      0.57239     -5.07976 
     0.11788      0.57448      0.57448     -5.07975 
     0.11888      0.57654      0.57654     -5.07975 
     0.11988      0.57857      0.57857     -5.07975 
     0.12088      0.58056      0.58057     -5.07975 
     0.12188      0.58253      0.58254     -5.07975 
     0.12288      0.58447      0.58448     -5.07975 
     0.12388      0.58638      0.58639     -5.07974 
     0.12488      0.58826      0.58827     -5.07974 
     0.12587      0.59012      0.59012     -5.07974 
     0.12687      0.59194      0.59194     -5.07974 
     0.12787      0.59374      0.59374     -5.07974 
     0.12887      0.59550      0.59551     -5.07974 
     0.12987      0.59724      0.59725     -5.07974 
     0.13087      0.59896      0.59896     -5.07973 
     0.13187      0.60065      0.60065     -5.07973 
     0.13287      0.60230      0.60231     -5.07973 
     0.13387      0.60394      0.60394     -5.07973 
     0.13487      0.60555      0.60555     -5.07973 
     0.13586      0.60713      0.60713     -5.07973 
     0.13686      0.60868      0.60869     -5.07973 
     0.13786      0.61021      0.61022     -5.07972 
     0.13886      0.61172      0.61172     -5.07972 
     0.13986      0.61320      0.61320     -5.07972 
     0.14086      0.61465      0.61466     -5.07972 
     0.14186      0.61609      0.61609     -5.07972 
     0.14286      0.61749      0.61750     -5.07972 
     0.14386      0.61888      0.61888     -5.07971 
     0.14486      0.62024      0.62024     -5.07971 
     0.14585      0.62157      0.62158     -5.07971 
     0.14685      0.62288      0.62289     -5.07971 
     0.14785      0.62417      0.62418     -5.07971 
     0.14885      0.62544      0.62545     -5.07971 
     0.14985      0.62669      0.62669     -5.07970 
     0.15085      0.62791      0.62791     -5.07970 
     0.15185      0.62911      0.62911     -5.07970 
     0.15285      0.63029      0.63029     -5.07970 
     0.15385      0.63144      0.63145     -5.07970 
     0.15485      0.63258      0.63258     -5.07970 
     0.15584      0.63369      0.63370     -5.07969 
     0.15684      0.63479      0.63479     -5.07969 
     0.15784      0.63586      0.63586     -5.07969 
     0.15884      0.63691      0.63692     -5.07969 
     0.15984      0.63794      0.63795     -5.07969 
     0.16084      0.63895      0.63896     -5.07969 
     0.16184      0.63994      0.63995     -5.07968 
     0.16284      0.64092      0.64092     -5.07968 
     0.16384      0.64187      0.64187     -5.07968 
     0.16484      0.64280      0.64281     -5.07968 
     0.16583      0.64371      0.64372     -5.07968 
     0.16683      0.64461      0.64461     -5.07968 
     0.16783      0.64548      0.64549     -5.07967 
     0.16883      0.64634      0.64635     -5.07967 
     0.16983      0.64718      0.64718     -5.07967 
     0.17083      0.64800      0.64800     -5.07967 
     0.17183      0.64880      0.64881     -5.07967 
     0.17283      0.64958      0.64959     -5.07967 
     0.17383      0.65035      0.65036     -5.07966 
     0.17483      0.65110      0.65110     -5.07966 
     0.17582      0.65183      0.65184     -5.07966 
     0.17682      0.65254      0.65255     -5.07966 
     0.17782      0.65324      0.65325     -5.07966 
     0.17882      0.65392      0.65393     -5.07965 
     0.17982      0.65459      0.65459     -5.07965 
     0.18082      0.65523      0.65524     -5.07965 
     0.18182      0.65586      0.65587     -5.07965 
     0.18282      0.65648      0.65648     -5.07965 
     0.18382      0.65708      0.65708     -5.07965 
     0.18482      0.65766      0.65767     -5.07964 
     0.18581      0.65823      0.65823     -5.07964 
     0.18681      0.65878      0.65878     -5.07964 
     0.18781      0.65931      0.65932     -5.07964 
     0.18881      0.65983      0.65984     -5.07964 
     0.18981      0.66034      0.66035     -5.07963 
     0.19081      0.66083      0.66084     -5.07963 
     0.19181      0.66131      0.66131     -5.07963 
     0.19281      0.66177      0.66177     -5.07963 
     0.19381      0.66221      0.66222     -5.07963 
     0.19481      0.66265      0.66265     -5.07962 
     0.19580      0.66306      0.66307     -5.07962 
     0.19680      0.66347      0.66347     -5.07962 
     0.19780      0.66386      0.66386     -5.07962 
     0.19880      0.66423      0.66424     -5.07962 
     0.19980      0.66460      0.66460     -5.07962 
     0.20080      0.66495      0.66495     -5.07961 
     0.20180      0.66528      0.66529     -5.07961 
     0.20280      0.66560      0.66561     -5.07961 
     0.20380      0.66591      0.66592     -5.07961 
     0.20480      0.66621      0.66622     -5.07961 
     0.20579      0.66649      0.66650     -5.07960 
     0.20679      0.66676      0.66677     -5.07960 
     0.20779      0.66702      0.66703     -5.07960 
     0.20879      0.66727      0.66727     -5.07960 
     0.20979      0.66750      0.66751     -5.07960 
     0.21079      0.66772      0.66773     -5.07959 
     0.21179      0.66793      0.66794     -5.07959 
     0.21279      0.66813      0.66813     -5.07959 
     0.21379      0.66831      0.66832     -5.07959 
     0.21479      0.66848      0.66849     -5.07959 
     0.21578      0.66865      0.66865     -5.07958 
     0.21678      0.66880      0.66880     -5.07958 
     0.21778      0.66893      0.66894     -5.07958 
     0.21878      0.66906      0.66907     -5.07958 
     0.21978      0.66918      0.66918     -5.07957 
     0.22078      0.66928      0.66929     -5.07957 
     0.22178      0.66938      0.66938     -5.07957 
     0.22278      0.66946      0.66946     -5.07957 
     0.22378      0.66953      0.66954     -5.07957 
     0.22478      0.66959      0.66960     -5.07956 
     0.22577      0.66964      0.66965     -5.07956 
     0.22677      0.66968      0.66969     -5.07956 
     0.22777      0.66972      0.66972     -5.07956 
     0.22877      0.66974      0.66974     -5.07956 
     0.22977      0.66975      0.66975     -5.07955 
     0.23077      0.66975      0.66975     -5.07955 
     0.23177      0.66974      0.66974     -5.07955 
     0.23277      0.66972      0.66972     -5.07955 
     0.23377      0.66969      0.66969     -5.07954 
     0.23477      0.66965      0.66965     -5.07954 
     0.23576      0.66960      0.66960     -5.07954 
     0.23676      0.66954      0.66955     -5.07954 
     0.23776      0.66947      0.66948     -5.07954 
     0.23876      0.66940      0.66940     -5.07953 
     0.23976      0.66931      0.66931     -5.07953 
     0.24076      0.66921      0.66922     -5.07953 
     0.24176      0.66911      0.66912     -5.07953 
     0.24276      0.66900      0.66900     -5.07952 
     0.24376      0.66888      0.66888     -5.07952 
     0.24476      0.66875      0.66875     -5.07952 
     0.24575      0.66861      0.66861     -5.07952 
     0.24675      0.66846      0.66846     -5.07952 
     0.24775      0.66830      0.66831     -5.07951 
     0.24875      0.66814      0.66814     -5.07951 
     0.24975      0.66797      0.66797     -5.07951 
     0.25075      0.66778      0.66779     -5.07951 
     0.25175      0.66760      0.66760     -5.07950 
     0.25275      0.66740      0.66740     -5.07950 
     0.25375      0.66719      0.66720     -5.07950 
     0.25475      0.66698      0.66699     -5.07950 
     0.25574      0.66676      0.66676     -5.07949 
     0.25674      0.66653      0.66654     -5.07949 
     0.25774      0.66629      0.66630     -5.07949 
     0.25874      0.66605      0.66606     -5.07949 
     0.25974      0.66580      0.66580     -5.07949 
     0.26074      0.66554      0.66555     -5.07948 
     0.26174      0.66527      0.66528     -5.07948 
     0.26274      0.66500      0.66501     -5.07948 
     0.26374      0.66472      0.66473     -5.07948 
     0.26474      0.66443      0.66444     -5.07947 
     0.26573      0.66414      0.66414     -5.07947 
     0.26673      0.66384      0.66384     -5.07947 
     0.26773      0.66353      0.66353     -5.07947 
     0.26873      0.66321      0.66322     -5.07946 
     0.26973      0.66289      0.66289     -5.07946 
     0.27073      0.66256      0.66257     -5.07946 
     0.27173      0.66222      0.66223     -5.07946 
     0.27273      0.66188      0.66189     -5.07945 
     0.27373      0.66153      0.66154     -5.07945 
     0.27473      0.66118      0.66118     -5.07945 
     0.27572      0.66082      0.66082     -5.07945 
     0.27672      0.66045      0.66045     -5.07944 
     0.27772      0.66007      0.66008     -5.07944 
     0.27872      0.65969      0.65970     -5.07944 
     0.27972      0.65931      0.65931     -5.07944 
     0.28072      0.65891      0.65892     -5.07943 
     0.28172      0.65851      0.65852     -5.07943 
     0.28272      0.65811      0.65812     -5.07943 
     0.28372      0.65770      0.65770     -5.07943 
     0.28472      0.65728      0.65729     -5.07942 
     0.28571      0.65686      0.65687     -5.07942 
     0.28671      0.65643      0.65644     -5.07942 
     0.28771      0.65600      0.65600     -5.07942 
     0.28871      0.65556      0.65556     -5.07941 
     0.28971      0.65511      0.65512     -5.07941 
     0.29071      0.65466      0.65467     -5.07941 
     0.29171      0.65421      0.65421     -5.07940 
     0.29271      0.65375      0.65375     -5.07940 
     0.29371      0.65328      0.65329     -5.07940 
     0.29471      0.65281      0.65281     -5.07940 
     0.29570      0.65233      0.65234     -5.07939 
     0.29670      0.65185      0.65185     -5.07939 
     0.29770      0.65136      0.65137     -5.07939 
     0.29870      0.65087      0.65087     -5.07939 
     0.29970      0.65037      0.65038     -5.07938 
     0.30070      0.64987      0.64987     -5.07938 
     0.30170      0.64936      0.64937     -5.07938 
     0.30270      0.64885      0.64885     -5.07937 
     0.30370      0.64833      0.64834     -5.07937 
     0.30470      0.64781      0.64782     -5.07937 
     0.30569      0.64728      0.64729     -5.07937 
     0.30669      0.64675      0.64676     -5.07936 
     0.30769      0.64622      0.64622     -5.07936 
     0.30869      0.64567      0.64568     -5.07936 
     0.30969      0.64513      0.64513     -5.07936 
     0.31069      0.64458      0.64459     -5.07935 
     0.31169      0.64403      0.64403     -5.07935 
     0.31269      0.64347      0.64347     -5.07935 
     0.31369      0.64290      0.64291     -5.07934 
     0.31469      0.64234      0.64234     -5.07934 
     0.31568      0.64176      0.64177     -5.07934 
     0.31668      0.64119      0.64119     -5.07933 
     0.31768      0.64061      0.64061     -5.07933 
     0.31868      0.64002      0.64003     -5.07933 
     0.31968      0.63944      0.63944     -5.07933 
     0.32068      0.63884      0.63885     -5.07932 
     0.32168      0.63825      0.63825     -5.07932 
     0.32268      0.63765      0.63765     -5.07932 
     0.32368      0.63704      0.63705     -5.07931 
     0.32468      0.63643      0.63644     -5.07931 
     0.32567      0.63582      0.63583     -5.07931 
     0.32667      0.63521      0.63521     -5.07931 
     0.32767      0.63459      0.63459     -5.07930 
     0.32867      0.63396      0.63397     -5.07930 
     0.32967      0.63333      0.63334     -5.07930 
     0.33067      0.63270      0.63271     -5.07929 
     0.33167      0.63207      0.63207     -5.07929 
     0.33267      0.63143      0.63144     -5.07929 
     0.33367      0.63079      0.63079     -5.07928 
     0.33467      0.63014      0.63015     -5.07928 
     0.33566      0.62949      0.62950     -5.07928 
     0.33666      0.62884      0.62885     -5.07927 
     0.33766      0.62819      0.62819     -5.07927 
     0.33866      0.62753      0.62753     -5.07927 
     0.33966      0.62686      0.62687     -5.07927 
     0.34066      0.62620      0.62620     -5.07926 
     0.34166      0.62553      0.62553     -5.07926 
     0.34266      0.62485      0.62486     -5.07926 
     0.34366      0.62418      0.62418     -5.07925 
     0.34466      0.62350      0.62351     -5.07925 
     0.34565      0.62282      0.62282     -5.07925 
     0.34665      0.62213      0.62214     -5.07924 
     0.34765      0.62144      0.62145     -5.07924 
     0.34865      0.62075      0.62076     -5.07924 
     0.34965      0.62006      0.62006     -5.07923 
     0.35065      0.61936      0.61936     -5.07923 
     0.35165      0.61866      0.61866     -5.07923 
     0.35265      0.61796      0.61796     -5.07922 
     0.35365      0.61725      0.61725     -5.07922 
     0.35465      0.61654      0.61654     -5.07922 
     0.35564      0.61583      0.61583     -5.07921 
     0.35664      0.61511      0.61512     -5.07921 
     0.35764      0.61439      0.61440     -5.07921 
     0.35864      0.61367      0.61368     -5.07920 
     0.35964      0.61295      0.61295     -5.07920 
     0.36064      0.61222      0.61223     -5.07920 
     0.36164      0.61149      0.61150     -5.07919 
     0.36264      0.61076      0.61077     -5.07919 
     0.36364      0.61003      0.61003     -5.07919 
     0.36464      0.60929      0.60930     -5.07918 
     0.36563      0.60855      0.60856     -5.07918 
     0.36663      0.60781      0.60781     -5.07918 
     0.36763      0.60706      0.60707     -5.07917 
     0.36863      0.60632      0.60632     -5.07917 
     0.36963      0.60557      0.60557     -5.07917 
     0.37063      0.60481      0.60482     -5.07916 
     0.37163      0.60406      0.60406     -5.07916 
     0.37263      0.60330      0.60331     -5.07916 
     0.37363      0.60254      0.60255     -5.07915 
     0.37463      0.60178      0.60179     -5.07915 
     0.37562      0.60102      0.60102     -5.07914 
     0.37662      0.60025      0.60025     -5.07914 
     0.37762      0.59948      0.59949     -5.07914 
     0.37862      0.59871      0.59871     -5.07913 
     0.37962      0.59794      0.59794     -5.07913 
     0.38062      0.59716      0.59717     -5.07913 
     0.38162      0.59638      0.59639     -5.07912 
     0.38262      0.59560      0.59561     -5.07912 
     0.38362      0.59482      0.59482     -5.07912 
     0.38462      0.59404      0.59404     -5.07911 
     0.38561      0.59325      0.59325     -5.07911 
     0.38661      0.59246      0.59247     -5.07910 
     0.38761      0.59167      0.59167     -5.07910 
     0.38861      0.59088      0.59088     -5.07910 
     0.38961      0.59008      0.59009     -5.07909 
     0.39061      0.58928      0.58929     -5.07909 
     0.39161      0.58849      0.58849     -5.07909 
     0.39261      0.58768      0.58769     -5.07908 
     0.39361      0.58688      0.58689     -5.07908 
     0.39461      0.58608      0.58608     -5.07907 
     0.39560      0.58527      0.58527     -5.07907 
     0.39660      0.58446      0.58447     -5.07907 
     0.39760      0.58365      0.58366     -5.07906 
     0.39860      0.58284      0.58284     -5.07906 
     0.39960      0.58202      0.58203     -5.07906 
     0.40060      0.58121      0.58121     -5.07905 
     0.40160      0.58039      0.58039     -5.07905 
     0.40260      0.57957      0.57957     -5.07904 
     0.40360      0.57875      0.57875     -5.07904 
     0.40460      0.57793      0.57793     -5.07904 
     0.40559      0.57710      0.57710     -5.07903 
     0.40659      0.57627      0.57628     -5.07903 
     0.40759      0.57544      0.57545     -5.07902 
     0.40859      0.57461      0.57462     -5.07902 
     0.40959      0.57378      0.57379     -5.07902 
     0.41059      0.57295      0.57295     -5.07901 
     0.41159      0.57211      0.57212     -5.07901 
     0.41259      0.57128      0.57128     -5.07900 
     0.41359      0.57044      0.57044     -5.07900 
     0.41459      0.56960      0.56960     -5.07900 
     0.41558      0.56876      0.56876     -5.07899 
     0.41658      0.56791      0.56792     -5.07899 
     0.41758      0.56707      0.56707     -5.07898 
     0.41858      0.56622      0.56623     -5.07898 
     0.41958      0.56538      0.56538     -5.07898 
     0.42058      0.56453      0.56453     -5.07897 
     0.42158      0.56368      0.56368     -5.07897 
     0.42258      0.56282      0.56283     -5.07896 
     0.42358      0.56197      0.56197     -5.07896 
     0.42458      0.56111      0.56112     -5.07895 
     0.42557      0.56026      0.56026     -5.07895 
     0.42657      0.55940      0.55940     -5.07895 
     0.42757      0.55854      0.55855     -5.07894 
     0.42857      0.55768      0.55768     -5.07894 
     0.42957      0.55682      0.55682     -5.07893 
     0.43057      0.55595      0.55596     -5.07893 
     0.43157      0.55509      0.55509     -5.07892 
     0.43257      0.55422      0.55423     -5.07892 
     0.43357      0.55336      0.55336     -5.07892 
     0.43457      0.55249      0.55249     -5.07891 
     0.43556      0.55162      0.55162     -5.07891 
     0.43656      0.55075      0.55075     -5.07890 
     0.43756      0.54987      0.54988     -5.07890 
     0.43856      0.54900      0.54900     -5.07889 
     0.43956      0.54812      0.54813     -5.07889 
     0.44056      0.54725      0.54725     -5.07888 
     0.44156      0.54637      0.54637     -5.07888 
     0.44256      0.54549      0.54550     -5.07888 
     0.44356      0.54461      0.54462     -5.07887 
     0.44456      0.54373      0.54373     -5.07887 
     0.44555      0.54285      0.54285     -5.07886 
     0.44655      0.54196      0.54197     -5.07886 
     0.44755      0.54108      0.54108     -5.07885 
     0.44855      0.54019      0.54020     -5.07885 
     0.44955      0.53931      0.53931     -5.07884 
     0.45055      0.53842      0.53842     -5.07884 
     0.45155      0.53753      0.53753     -5.07883 
     0.45255      0.53664      0.53664     -5.07883 
     0.45355      0.53575      0.53575     -5.07882 
     0.45455      0.53486      0.53486     -5.07882 
     0.45554      0.53396      0.53397     -5.07881 
     0.45654      0.53307      0.53307     -5.07881 
     0.45754      0.53217      0.53218     -5.07880 
     0.45854      0.53128      0.53128     -5.07880 
     0.45954      0.53038      0.53038     -5.07880 
     0.46054      0.52948      0.52948     -5.07879 
     0.46154      0.52858      0.52858     -5.07879 
     0.46254      0.52768      0.52768     -5.07878 
     0.46354      0.52678      0.52678     -5.07878 
     0.46454      0.52588      0.52588     -5.07877 
     0.46553      0.52497      0.52498     -5.07877 
     0.46653      0.52407      0.52407     -5.07876 
     0.46753      0.52316      0.52317     -5.07876 
     0.46853      0.52226      0.52226     -5.07875 
     0.46953      0.52135      0.52135     -5.07875 
     0.47053      0.52044      0.52044     -5.07874 
     0.47153      0.51953      0.51954     -5.07874 
     0.47253      0.51862      0.51863     -5.07873 
     0.47353      0.51771      0.51771     -5.07873 
     0.47453      0.51680      0.51680     -5.07872 
     0.47552      0.51589      0.51589     -5.07872 
     0.47652      0.51497      0.51498     -5.07871 
     0.47752      0.51406      0.51406     -5.07870 
     0.47852      0.51314      0.51315     -5.07870 
     0.47952      0.51223      0.51223     -5.07869 
     0.48052      0.51131      0.51132     -5.07869 
     0.48152      0.51039      0.51040     -5.07868 
     0.48252      0.50948      0.50948     -5.07868 
     0.48352      0.50856      0.50856     -5.07867 
     0.48452      0.50764      0.50764     -5.07867 
     0.48551      0.50672      0.50672     -5.07866 
     0.48651      0.50579      0.50580     -5.07866 
     0.48751      0.50487      0.50488     -5.07865 
     0.48851      0.50395      0.50395     -5.07865 
     0.48951      0.50302      0.50303     -5.07864 
     0.49051      0.50210      0.50210     -5.07864 
     0.49151      0.50117      0.50118     -5.07863 
     0.49251      0.50025      0.50025     -5.07862 
     0.49351      0.49932      0.49933     -5.07862 
     0.49451      0.49839      0.49840     -5.07861 
     0.49550      0.49747      0.49747     -5.07861 
     0.49650      0.49654      0.49654     -5.07860 
     0.49750      0.49561      0.49561     -5.07860 
     0.49850      0.49468      0.49468     -5.07859 
     0.49950      0.49375      0.49375     -5.07858 
     0.50050      0.49281      0.49282     -5.07858 
     0.50150      0.49188      0.49189     -5.07857 
     0.50250      0.49095      0.49095     -5.07857 
     0.50350      0.49002      0.49002     -5.07856 
     0.50450      0.48908      0.48909     -5.07856 
     0.50549      0.48815      0.48815     -5.07855 
     0.50649      0.48721      0.48722     -5.07854 
     0.50749      0.48627      0.48628     -5.07854 
     0.50849      0.48534      0.48534     -5.07853 
     0.50949      0.48440      0.48440     -5.07853 
     0.51049      0.48346      0.48347     -5.07852 
     0.51149      0.48252      0.48253     -5.07851 
     0.51249      0.48158      0.48159     -5.07851 
     0.51349      0.48064      0.48065     -5.07850 
     0.51449      0.47970      0.47971     -5.07850 
     0.51548      0.47876      0.47877     -5.07849 
     0.51648      0.47782      0.47783     -5.07848 
     0.51748      0.47688      0.47688     -5.07848 
     0.51848      0.47594      0.47594     -5.07847 
     0.51948      0.47499      0.47500     -5.07847 
     0.52048      0.47405      0.47405     -5.07846 
     0.52148      0.47311      0.47311     -5.07845 
     0.52248      0.47216      0.47216     -5.07845 
     0.52348      0.47122      0.47122     -5.07844 
     0.52448      0.47027      0.47027     -5.07844 
     0.52547      0.46932      0.46933     -5.07843 
     0.52647      0.46838      0.46838     -5.07842 
     0.52747      0.46743      0.46743     -5.07842 
     0.52847      0.46648      0.46648     -5.07841 
     0.52947      0.46553      0.46554     -5.07840 
     0.53047      0.46458      0.46459     -5.07840 
     0.53147      0.46363      0.46364     -5.07839 
     0.53247      0.46268      0.46269     -5.07838 
     0.53347      0.46173      0.46174     -5.07838 
     0.53447      0.46078      0.46079     -5.07837 
     0.53546      0.45983      0.45983     -5.07836 
     0.53646      0.45888      0.45888     -5.07836 
     0.53746      0.45793      0.45793     -5.07835 
     0.53846      0.45697      0.45698     -5.07834 
     0.53946      0.45602      0.45602     -5.07834 
     0.54046      0.45507      0.45507     -5.07833 
     0.54146      0.45411      0.45411     -5.07832 
     0.54246      0.45316      0.45316     -5.07832 
     0.54346      0.45220      0.45221     -5.07831 
     0.54446      0.45125      0.45125     -5.07830 
     0.54545      0.45029      0.45029     -5.07830 
     0.54645      0.44933      0.44934     -5.07829 
     0.54745      0.44838      0.44838     -5.07828 
     0.54845      0.44742      0.44742     -5.07828 
     0.54945      0.44646      0.44647     -5.07827 
     0.55045      0.44550      0.44551     -5.07826 
     0.55145      0.44454      0.44455     -5.07825 
     0.55245      0.44359      0.44359     -5.07825 
     0.55345      0.44263      0.44263     -5.07824 
     0.55445      0.44167      0.44167     -5.07823 
     0.55544      0.44071      0.44071     -5.07823 
     0.55644      0.43975      0.43975     -5.07822 
     0.55744      0.43879      0.43879     -5.07821 
     0.55844      0.43782      0.43783     -5.07820 
     0.55944      0.43686      0.43687     -5.07820 
     0.56044      0.43590      0.43590     -5.07819 
     0.56144      0.43494      0.43494     -5.07818 
     0.56244      0.43398      0.43398     -5.07817 
     0.56344      0.43301      0.43302     -5.07817 
     0.56444      0.43205      0.43205     -5.07816 
     0.56543      0.43109      0.43109     -5.07815 
     0.56643      0.43012      0.43012     -5.07814 
     0.56743      0.42916      0.42916     -5.07814 
     0.56843      0.42819      0.42820     -5.07813 
     0.56943      0.42723      0.42723     -5.07812 
     0.57043      0.42626      0.42626     -5.07811 
     0.57143      0.42530      0.42530     -5.07810 
     0.57243      0.42433      0.42433     -5.07810 
     0.57343      0.42336      0.42337     -5.07809 
     0.57443      0.42240      0.42240     -5.07808 
     0.57542      0.42143      0.42143     -5.07807 
     0.57642      0.42046      0.42046     -5.07807 
     0.57742      0.41949      0.41950     -5.07806 
     0.57842      0.41853      0.41853     -5.07805 
     0.57942      0.41756      0.41756     -5.07804 
     0.58042      0.41659      0.41659     -5.07803 
     0.58142      0.41562      0.41562     -5.07802 
     0.58242      0.41465      0.41465     -5.07802 
     0.58342      0.41368      0.41368     -5.07801 
     0.58442      0.41271      0.41271     -5.07800 
     0.58541      0.41174      0.41174     -5.07799 
     0.58641      0.41077      0.41077     -5.07798 
     0.58741      0.40980      0.40980     -5.07797 
     0.58841      0.40883      0.40883     -5.07797 
     0.58941      0.40786      0.40786     -5.07796 
     0.59041      0.40689      0.40689     -5.07795 
     0.59141      0.40591      0.40592     -5.07794 
     0.59241      0.40494      0.40495     -5.07793 
     0.59341      0.40397      0.40397     -5.07792 
     0.59441      0.40300      0.40300     -5.07791 
     0.59540      0.40202      0.40203     -5.07791 
     0.59640      0.40105      0.40105     -5.07790 
     0.59740      0.40008      0.40008     -5.07789 
     0.59840      0.39910      0.39911     -5.07788 
     0.59940      0.39813      0.39813     -5.07787 
     0.60040      0.39716      0.39716     -5.07786 
     0.60140      0.39618      0.39618     -5.07785 
     0.60240      0.39521      0.39521     -5.07784 
     0.60340      0.39423      0.39423     -5.07783 
     0.60440      0.39326      0.39326     -5.07783 
     0.60539      0.39228      0.39228     -5.07782 
     0.60639      0.39131      0.39131     -5.07781 
     0.60739      0.39033      0.39033     -5.07780 
     0.60839      0.38935      0.38936     -5.07779 
     0.60939      0.38838      0.38838     -5.07778 
     0.61039      0.38740      0.38740     -5.07777 
     0.61139      0.38642      0.38643     -5.07776 
     0.61239      0.38545      0.38545     -5.07775 
     0.61339      0.38447      0.38447     -5.07774 
     0.61439      0.38349      0.38350     -5.07773 
     0.61538      0.38251      0.38252     -5.07772 
     0.61638      0.38154      0.38154     -5.07771 
     0.61738      0.38056      0.38056     -5.07770 
     0.61838      0.37958      0.37958     -5.07769 
     0.61938      0.37860      0.37861     -5.07768 
     0.62038      0.37762      0.37763     -5.07767 
     0.62138      0.37664      0.37665     -5.07766 
     0.62238      0.37567      0.37567     -5.07765 
     0.62338      0.37469      0.37469     -5.07764 
     0.62438      0.37371      0.37371     -5.07763 
     0.62537      0.37273      0.37273     -5.07762 
     0.62637      0.37175      0.37175     -5.07761 
     0.62737      0.37077      0.37077     -5.07760 
     0.62837      0.36979      0.36979     -5.07759 
     0.62937      0.36881      0.36881     -5.07758 
     0.63037      0.36783      0.36783     -5.07757 
     0.63137      0.36685      0.36685     -5.07756 
     0.63237      0.36586      0.36587     -5.07755 
     0.63337      0.36488      0.36489     -5.07754 
     0.63437      0.36390      0.36391     -5.07753 
     0.63536      0.36292      0.36292     -5.07752 
     0.63636      0.36194      0.36194     -5.07751 
     0.63736      0.36096      0.36096     -5.07749 
     0.63836      0.35998      0.35998     -5.07748 
     0.63936      0.35899      0.35900     -5.07747 
     0.64036      0.35801      0.35801     -5.07746 
     0.64136      0.35703      0.35703     -5.07745 
     0.64236      0.35605      0.35605     -5.07744 
     0.64336      0.35506      0.35507     -5.07743 
     0.64436      0.35408      0.35408     -5.07742 
     0.64535      0.35310      0.35310     -5.07741 
     0.64635      0.35211      0.35212     -5.07739 
     0.64735      0.35113      0.35113     -5.07738 
     0.64835      0.35015      0.35015     -5.07737 
     0.64935      0.34916      0.34917     -5.07736 
     0.65035      0.34818      0.34818     -5.07735 
     0.65135      0.34719      0.34720     -5.07734 
     0.65235      0.34621      0.34621     -5.07732 
     0.65335      0.34523      0.34523     -5.07731 
     0.65435      0.34424      0.34424     -5.07730 
     0.65534      0.34326      0.34326     -5.07729 
     0.65634      0.34227      0.34228     -5.07728 
     0.65734      0.34129      0.34129     -5.07726 
     0.65834      0.34030      0.34031     -5.07725 
     0.65934      0.33932      0.33932     -5.07724 
     0.66034      0.33833      0.33833     -5.07723 
     0.66134      0.33735      0.33735     -5.07721 
     0.66234      0.33636      0.33636     -5.07720 
     0.66334      0.33537      0.33538     -5.07719 
     0.66434      0.33439      0.33439     -5.07718 
     0.66533      0.33340      0.33341     -5.07716 
     0.66633      0.33242      0.33242     -5.07715 
     0.66733      0.33143      0.33143     -5.07714 
     0.66833      0.33044      0.33045     -5.07712 
     0.66933      0.32946      0.32946     -5.07711 
     0.67033      0.32847      0.32847     -5.07710 
     0.67133      0.32748      0.32749     -5.07708 
     0.67233      0.32650      0.32650     -5.07707 
     0.67333      0.32551      0.32551     -5.07706 
     0.67433      0.32452      0.32453     -5.07704 
     0.67532      0.32354      0.32354     -5.07703 
     0.67632      0.32255      0.32255     -5.07702 
     0.67732      0.32156      0.32156     -5.07700 
     0.67832      0.32057      0.32058     -5.07699 
     0.67932      0.31959      0.31959     -5.07698 
     0.68032      0.31860      0.31860     -5.07696 
     0.68132      0.31761      0.31761     -5.07695 
     0.68232      0.31662      0.31663     -5.07693 
     0.68332      0.31563      0.31564     -5.07692 
     0.68432      0.31465      0.31465     -5.07690 
     0.68531      0.31366      0.31366     -5.07689 
     0.68631      0.31267      0.31267     -5.07688 
     0.68731      0.31168      0.31168     -5.07686 
     0.68831      0.31069      0.31069     -5.07685 
     0.68931      0.30970      0.30971     -5.07683 
     0.69031      0.30871      0.30872     -5.07682 
     0.69131      0.30773      0.30773     -5.07680 
     0.69231      0.30674      0.30674     -5.07679 
     0.69331      0.30575      0.30575     -5.07677 
     0.69431      0.30476      0.30476     -5.07676 
     0.69530      0.30377      0.30377     -5.07674 
     0.69630      0.30278      0.30278     -5.07672 
     0.69730      0.30179      0.30179     -5.07671 
     0.69830      0.30080      0.30080     -5.07669 
     0.69930      0.29981      0.29981     -5.07668 
     0.70030      0.29882      0.29882     -5.07666 
     0.70130      0.29783      0.29783     -5.07665 
     0.70230      0.29684      0.29684     -5.07663 
     0.70330      0.29585      0.29585     -5.07661 
     0.70430      0.29486      0.29486     -5.07660 
     0.70529      0.29387      0.29387     -5.07658 
     0.70629      0.29288      0.29288     -5.07656 
     0.70729      0.29189      0.29189     -5.07655 
     0.70829      0.29090      0.29090     -5.07653 
     0.70929      0.28991      0.28991     -5.07651 
     0.71029      0.28892      0.28892     -5.07650 
     0.71129      0.28793      0.28793     -5.07648 
     0.71229      0.28694      0.28694     -5.07646 
     0.71329      0.28594      0.28595     -5.07644 
     0.71429      0.28495      0.28496     -5.07643 
     0.71528      0.28396      0.28397     -5.07641 
     0.71628      0.28297      0.28297     -5.07639 
     0.71728      0.28198      0.28198     -5.07637 
     0.71828      0.28099      0.28099     -5.07636 
     0.71928      0.28000      0.28000     -5.07634 
     0.72028      0.27901      0.27901     -5.07632 
     0.72128      0.27801      0.27802     -5.07630 
     0.72228      0.27702      0.27703     -5.07628 
     0.72328      0.27603      0.27603     -5.07626 
     0.72428      0.27504      0.27504     -5.07624 
     0.72527      0.27405      0.27405     -5.07623 
     0.72627      0.27306      0.27306     -5.07621 
     0.72727      0.27206      0.27207     -5.07619 
     0.72827      0.27107      0.27107     -5.07617 
     0.72927      0.27008      0.27008     -5.07615 
     0.73027      0.26909      0.26909     -5.07613 
     0.73127      0.26810      0.26810     -5.07611 
     0.73227      0.26710      0.26711     -5.07609 
     0.73327      0.26611      0.26611     -5.07607 
     0.73427      0.26512      0.26512     -5.07605 
     0.73526      0.26413      0.26413     -5.07603 
     0.73626      0.26313      0.26314     -5.07601 
     0.73726      0.26214      0.26214     -5.07599 
     0.73826      0.26115      0.26115     -5.07597 
     0.73926      0.26015      0.26016     -5.07594 
     0.74026      0.25916      0.25916     -5.07592 
     0.74126      0.25817      0.25817     -5.07590 
     0.74226      0.25718      0.25718     -5.07588 
     0.74326      0.25618      0.25619     -5.07586 
     0.74426      0.25519      0.25519     -5.07584 
     0.74525      0.25420      0.25420     -5.07581 
     0.74625      0.25320      0.25321     -5.07579 
     0.74725      0.25221      0.25221     -5.07577 
     0.74825      0.25122      0.25122     -5.07575 
     0.74925      0.25022      0.25023     -5.07572 
     0.75025      0.24923      0.24923     -5.07570 
     0.75125      0.24824      0.24824     -5.07568 
     0.75225      0.24724      0.24725     -5.07566 
     0.75325      0.24625      0.24625     -5.07563 
     0.75425      0.24526      0.24526     -5.07561 
     0.75524      0.24426      0.24426     -5.07558 
     0.75624      0.24327      0.24327     -5.07556 
     0.75724      0.24228      0.24228     -5.07554 
     0.75824      0.24128      0.24128     -5.07551 
     0.75924      0.24029      0.24029     -5.07549 
     0.76024      0.23929      0.23930     -5.07546 
     0.76124      0.23830      0.23830     -5.07544 
     0.76224      0.23731      0.23731     -5.07541 
     0.76324      0.23631      0.23631     -5.07539 
     0.76424      0.23532      0.23532     -5.07536 
     0.76523      0.23432      0.23433     -5.07533 
     0.76623      0.23333      0.23333     -5.07531 
     0.76723      0.23233      0.23234     -5.07528 
     0.76823      0.23134      0.23134     -5.07526 
     0.76923      0.23035      0.23035     -5.07523 
     0.77023      0.22935      0.22935     -5.07520 
     0.77123      0.22836      0.22836     -5.07517 
     0.77223      0.22736      0.22736     -5.07515 
     0.77323      0.22637      0.22637     -5.07512 
     0.77423      0.22537      0.22538     -5.07509 
     0.77522      0.22438      0.22438     -5.07506 
     0.77622      0.22338      0.22339     -5.07503 
     0.77722      0.22239      0.22239     -5.07501 
     0.77822      0.22139      0.22140     -5.07498 
     0.77922      0.22040      0.22040     -5.07495 
     0.78022      0.21940      0.21941     -5.07492 
     0.78122      0.21841      0.21841     -5.07489 
     0.78222      0.21742      0.21742     -5.07486 
     0.78322      0.21642      0.21642     -5.07483 
     0.78422      0.21543      0.21543     -5.07480 
     0.78521      0.21443      0.21443     -5.07477 
     0.78621      0.21344      0.21344     -5.07473 
     0.78721      0.21244      0.21244     -5.07470 
     0.78821      0.21144      0.21145     -5.07467 
     0.78921      0.21045      0.21045     -5.07464 
     0.79021      0.20945      0.20946     -5.07461 
     0.79121      0.20846      0.20846     -5.07457 
     0.79221      0.20746      0.20747     -5.07454 
     0.79321      0.20647      0.20647     -5.07451 
     0.79421      0.20547      0.20547     -5.07447 
     0.79520      0.20448      0.20448     -5.07444 
     0.79620      0.20348      0.20348     -5.07441 
     0.79720      0.20249      0.20249     -5.07437 
     0.79820      0.20149      0.20149     -5.07434 
     0.79920      0.20050      0.20050     -5.07430 
     0.80020      0.19950      0.19950     -5.07427 
     0.80120      0.19850      0.19851     -5.07423 
     0.80220      0.19751      0.19751     -5.07419 
     0.80320      0.19651      0.19651     -5.07416 
     0.80420      0.19552      0.19552     -5.07412 
     0.80519      0.19452      0.19452     -5.07408 
     0.80619      0.19353      0.19353     -5.07404 
     0.80719      0.19253      0.19253     -5.07401 
     0.80819      0.19153      0.19154     -5.07397 
     0.80919      0.19054      0.19054     -5.07393 
     0.81019      0.18954      0.18954     -5.07389 
     0.81119      0.18855      0.18855     -5.07385 
     0.81219      0.18755      0.18755     -5.07381 
     0.81319      0.18655      0.18656     -5.07377 
     0.81419      0.18556      0.18556     -5.07373 
     0.81518      0.18456      0.18456     -5.07368 
     0.81618      0.18357      0.18357     -5.07364 
     0.81718      0.18257      0.18257     -5.07360 
     0.81818      0.18157      0.18158     -5.07356 
     0.81918      0.18058      0.18058     -5.07351 
     0.82018      0.17958      0.17958     -5.07347 
     0.82118      0.17859      0.17859     -5.07342 
     0.82218      0.17759      0.17759     -5.07338 
     0.82318      0.17659      0.17659     -5.07333 
     0.82418      0.17560      0.17560     -5.07329 
     0.82517      0.17460      0.17460     -5.07324 
     0.82617      0.17360      0.17361     -5.07320 
     0.82717      0.17261      0.17261     -5.07315 
     0.82817      0.17161      0.17161     -5.07310 
     0.82917      0.17061      0.17062     -5.07305 
     0.83017      0.16962      0.16962     -5.07300 
     0.83117      0.16862      0.16862     -5.07295 
     0.83217      0.16763      0.16763     -5.07290 
     0.83317      0.16663      0.16663     -5.07285 
     0.83417      0.16563      0.16563     -5.07280 
     0.83516      0.16464      0.16464     -5.07275 
     0.83616      0.16364      0.16364     -5.07269 
     0.83716      0.16264      0.16264     -5.07264 
     0.83816      0.16165      0.16165     -5.07259 
     0.83916      0.16065      0.16065     -5.07253 
     0.84016      0.15965      0.15965     -5.07248 
     0.84116      0.15866      0.15866     -5.07242 
     0.84216      0.15766      0.15766     -5.07236 
     0.84316      0.15666      0.15666     -5.07231 
     0.84416      0.15567      0.15567     -5.07225 
     0.84515      0.15467      0.15467     -5.07219 
     0.84615      0.15367      0.15367     -5.07213 
     0.84715      0.15267      0.15268     -5.07207 
     0.84815      0.15168      0.15168     -5.07201 
     0.84915      0.15068      0.15068     -5.07194 
     0.85015      0.14968      0.14969     -5.07188 
     0.85115      0.14869      0.14869     -5.07182 
     0.85215      0.14769      0.14769     -5.07175 
     0.85315      0.14669      0.14669     -5.07169 
     0.85415      0.14570      0.14570     -5.07162 
     0.85514      0.14470      0.14470     -5.07155 
     0.85614      0.14370      0.14370     -5.07148 
     0.85714      0.14271      0.14271     -5.07142 
     0.85814      0.14171      0.14171     -5.07135 
     0.85914      0.14071      0.14071     -5.07127 
     0.86014      0.13971      0.13972     -5.07120 
     0.86114      0.13872      0.13872     -5.07113 
     0.86214      0.13772      0.13772     -5.07105 
     0.86314      0.13672      0.13672     -5.07098 
     0.86414      0.13573      0.13573     -5.07090 
     0.86513      0.13473      0.13473     -5.07083 
     0.86613      0.13373      0.13373     -5.07075 
     0.86713      0.13273      0.13274     -5.07067 
     0.86813      0.13174      0.13174     -5.07059 
     0.86913      0.13074      0.13074     -5.07050 
     0.87013      0.12974      0.12974     -5.07042 
     0.87113      0.12874      0.12875     -5.07034 
     0.87213      0.12775      0.12775     -5.07025 
     0.87313      0.12675      0.12675     -5.07016 
     0.87413      0.12575      0.12575     -5.07007 
     0.87512      0.12476      0.12476     -5.06998 
     0.87612      0.12376      0.12376     -5.06989 
     0.87712      0.12276      0.12276     -5.06980 
     0.87812      0.12176      0.12176     -5.06970 
     0.87912      0.12077      0.12077     -5.06961 
     0.88012      0.11977      0.11977     -5.06951 
     0.88112      0.11877      0.11877     -5.06941 
     0.88212      0.11777      0.11777     -5.06931 
     0.88312      0.11678      0.11678     -5.06921 
     0.88412      0.11578      0.11578     -5.06910 
     0.88511      0.11478      0.11478     -5.06900 
     0.88611      0.11378      0.11378     -5.06889 
     0.88711      0.11279      0.11279     -5.06878 
     0.88811      0.11179      0.11179     -5.06867 
     0.88911      0.11079      0.11079     -5.06855 
     0.89011      0.10979      0.10979     -5.06844 
     0.89111      0.10880      0.10880     -5.06832 
     0.89211      0.10780      0.10780     -5.06820 
     0.89311      0.10680      0.10680     -5.06807 
     0.89411      0.10580      0.10580     -5.06795 
     0.89510      0.10481      0.10481     -5.06782 
     0.89610      0.10381      0.10381     -5.06769 
     0.89710      0.10281      0.10281     -5.06756 
     0.89810      0.10181      0.10181     -5.06743 
     0.89910      0.10081      0.10082     -5.06729 
     0.90010      0.09982      0.09982     -5.06715 
     0.90110      0.09882      0.09882     -5.06701 
     0.90210      0.09782      0.09782     -5.06686 
     0.90310      0.09682      0.09682     -5.06671 
     0.90410      0.09583      0.09583     -5.06656 
     0.90509      0.09483      0.09483     -5.06641 
     0.90609      0.09383      0.09383     -5.06625 
     0.90709      0.09283      0.09283     -5.06609 
     0.90809      0.09183      0.09184     -5.06592 
     0.90909      0.09084      0.09084     -5.06576 
     0.91009      0.08984      0.08984     -5.06558 
     0.91109      0.08884      0.08884     -5.06541 
     0.91209      0.08784      0.08784     -5.06523 
     0.91309      0.08685      0.08685     -5.06505 
     0.91409      0.08585      0.08585     -5.06486 
     0.91508      0.08485      0.08485     -5.06467 
     0.91608      0.08385      0.08385     -5.06447 
     0.91708      0.08285      0.08285     -5.06427 
     0.91808      0.08186      0.08186     -5.06406 
     0.91908      0.08086      0.08086     -5.06385 
     0.92008      0.07986      0.07986     -5.06364 
     0.92108      0.07886      0.07886     -5.06341 
     0.92208      0.07786      0.07787     -5.06319 
     0.92308      0.07687      0.07687     -5.06295 
     0.92408      0.07587      0.07587     -5.06271 
     0.92507      0.07487      0.07487     -5.06247 
     0.92607      0.07387      0.07387     -5.06222 
     0.92707      0.07287      0.07288     -5.06196 
     0.92807      0.07188      0.07188     -5.06169 
     0.92907      0.07088      0.07088     -5.06142 
     0.93007      0.06988      0.06988     -5.06114 
     0.93107      0.06888      0.06888     -5.06085 
     0.93207      0.06788      0.06788     -5.06056 
     0.93307      0.06689      0.06689     -5.06025 
     0.93407      0.06589      0.06589     -5.05994 
     0.93506      0.06489      0.06489     -5.05961 
     0.93606      0.06389      0.06389     -5.05928 
     0.93706      0.06289      0.06289     -5.05894 
     0.93806      0.06190      0.06190     -5.05858 
     0.93906      0.06090      0.06090     -5.05822 
     0.94006      0.05990      0.05990     -5.05784 
     0.94106      0.05890      0.05890     -5.05745 
     0.94206      0.05790      0.05790     -5.05705 
     0.94306      0.05691      0.05691     -5.05663 
     0.94406      0.05591      0.05591     -5.05620 
     0.94505      0.05491      0.05491     -5.05575 
     0.94605      0.05391      0.05391     -5.05529 
     0.94705      0.05291      0.05291     -5.05481 
     0.94805      0.05191      0.05191     -5.05431 
     0.94905      0.05092      0.05092     -5.05379 
     0.95005      0.04992      0.04992     -5.05326 
     0.95105      0.04892      0.04892     -5.05270 
     0.95205      0.04792      0.04792     -5.05212 
     0.95305      0.04692      0.04692     -5.05152 
     0.95405      0.04593      0.04593     -5.05089 
     0.95504      0.04493      0.04493     -5.05023 
     0.95604      0.04393      0.04393     -5.04954 
     0.95704      0.04293      0.04293     -5.04883 
     0.95804      0.04193      0.04193     -5.04808 
     0.95904      0.04093      0.04093     -5.04730 
     0.96004      0.03994      0.03994     -5.04647 
     0.96104      0.03894      0.03894     -5.04561 
     0.96204      0.03794      0.03794     -5.04471 
     0.96304      0.03694      0.03694     -5.04375 
     0.96404      0.03594      0.03594     -5.04275 
     0.96503      0.03494      0.03494     -5.04169 
     0.96603      0.03395      0.03395     -5.04058 
     0.96703      0.03295      0.03295     -5.03939 
     0.96803      0.03195      0.03195     -5.03814 
     0.96903      0.03095      0.03095     -5.03681 
     0.97003      0.02995      0.02995     -5.03540 
     0.97103      0.02895      0.02895     -5.03389 
     0.97203      0.02796      0.02796     -5.03229 
     0.97303      0.02696      0.02696     -5.03057 
     0.97403      0.02596      0.02596     -5.02872 
     0.97502      0.02496      0.02496     -5.02674 
     0.97602      0.02396      0.02396     -5.02460 
     0.97702      0.02296      0.02296     -5.02229 
     0.97802      0.02197      0.02197     -5.01978 
     0.97902      0.02097      0.02097     -5.01705 
     0.98002      0.01997      0.01997     -5.01406 
     0.98102      0.01897      0.01897     -5.01078 
     0.98202      0.01797      0.01797     -5.00717 
     0.98302      0.01697      0.01697     -5.00317 
     0.98402      0.01598      0.01598     -4.99872 
     0.98501      0.01498      0.01498     -4.99372 
     0.98601      0.01398      0.01398     -4.98808 
     0.98701      0.01298      0.01298     -4.98166 
     0.98801      0.01198      0.01198     -4.97429 
     0.98901      0.01098      0.01098     -4.96574 
     0.99001      0.00998      0.00998     -4.95570 
     0.99101      0.00899      0.00899     -4.94373 
     0.99201      0.00799      0.00799     -4.92921 
     0.99301      0.00699      0.00699     -4.91124 
     0.99401      0.00599      0.00599     -4.88838 
     0.99500      0.00499      0.00499     -4.85827 
     0.99600      0.00399      0.00399     -4.81669 
     0.99700      0.00300      0.00300     -4.75517 
     0.99800      0.00200      0.00200     -4.65337 
     0.99900      0.00100      0.00100      0.00000 
     1.00000      0.00000      0.00000      0.00000 
