x v u error 
     0.00000      0.00000      0.00000      0.00000 
     0.00990      0.08430      0.08437     -3.08804 
     0.01980      0.15971      0.15985     -3.08804 
     0.02970      0.22709      0.22728     -3.08804 
     0.03960      0.28718      0.28742     -3.08804 
     0.04950      0.34068      0.34096     -3.08804 
     0.05941      0.38820      0.38852     -3.08804 
     0.06931      0.43031      0.43066     -3.08804 
     0.07921      0.46751      0.46789     -3.08804 
     0.08911      0.50028      0.50069     -3.08804 
     0.09901      0.52902      0.52945     -3.08804 
     0.10891      0.55413      0.55458     -3.08804 
     0.11881      0.57593      0.57640     -3.08804 
     0.12871      0.59474      0.59523     -3.08804 
     0.13861      0.61085      0.61135     -3.08803 
     0.14851      0.62451      0.62502     -3.08803 
     0.15842      0.63595      0.63647     -3.08803 
     0.16832      0.64538      0.64591     -3.08803 
     0.17822      0.65299      0.65352     -3.08803 
     0.18812      0.65894      0.65948     -3.08803 
     0.19802      0.66341      0.66395     -3.08803 
     0.20792      0.66651      0.66706     -3.08803 
     0.21782      0.66840      0.66894     -3.08803 
     0.22772      0.66917      0.66972     -3.08803 
     0.23762      0.66894      0.66949     -3.08803 
     0.24752      0.66780      0.66834     -3.08803 
     0.25743      0.66583      0.66638     -3.08803 
     0.26733      0.66312      0.66366     -3.08803 
     0.27723      0.65973      0.66027     -3.08803 
     0.28713      0.65572      0.65626     -3.08803 
     0.29703      0.65116      0.65170     -3.08803 
     0.30693      0.64610      0.64663     -3.08803 
     0.31683      0.64058      0.64111     -3.08803 
     0.32673      0.63466      0.63517     -3.08803 
     0.33663      0.62835      0.62887     -3.08803 
     0.34653      0.62171      0.62222     -3.08803 
     0.35644      0.61476      0.61527     -3.08803 
     0.36634      0.60754      0.60803     -3.08803 
     0.37624      0.60006      0.60055     -3.08803 
     0.38614      0.59236      0.59284     -3.08803 
     0.39604      0.58445      0.58492     -3.08803 
     0.40594      0.57635      0.57682     -3.08803 
     0.41584      0.56808      0.56854     -3.08803 
     0.42574      0.55966      0.56012     -3.08803 
     0.43564      0.55110      0.55155     -3.08803 
     0.44554      0.54242      0.54286     -3.08803 
     0.45545      0.53362      0.53405     -3.08803 
     0.46535      0.52472      0.52515     -3.08803 
     0.47525      0.51572      0.51614     -3.08803 
     0.48515      0.50664      0.50706     -3.08803 
     0.49505      0.49749      0.49789     -3.08803 
     0.50495      0.48826      0.48866     -3.08803 
     0.51485      0.47897      0.47936     -3.08803 
     0.52475      0.46963      0.47001     -3.08803 
     0.53465      0.46023      0.46061     -3.08803 
     0.54455      0.45079      0.45115     -3.08803 
     0.55446      0.44130      0.44166     -3.08803 
     0.56436      0.43178      0.43213     -3.08803 
     0.57426      0.42222      0.42256     -3.08803 
     0.58416      0.41263      0.41296     -3.08802 
     0.59406      0.40301      0.40334     -3.08802 
     0.60396      0.39336      0.39368     -3.08802 
     0.61386      0.38370      0.38401     -3.08802 
     0.62376      0.37401      0.37431     -3.08802 
     0.63366      0.36430      0.36460     -3.08802 
     0.64356      0.35457      0.35486     -3.08802 
     0.65347      0.34483      0.34511     -3.08802 
     0.66337      0.33507      0.33535     -3.08802 
     0.67327      0.32531      0.32557     -3.08802 
     0.68317      0.31553      0.31578     -3.08802 
     0.69307      0.30573      0.30598     -3.08802 
     0.70297      0.29593      0.29618     -3.08802 
     0.71287      0.28613      0.28636     -3.08802 
     0.72277      0.27631      0.27653     -3.08801 
     0.73267      0.26648      0.26670     -3.08801 
     0.74257      0.25665      0.25686     -3.08801 
     0.75248      0.24682      0.24702     -3.08801 
     0.76238      0.23698      0.23717     -3.08801 
     0.77228      0.22713      0.22732     -3.08801 
     0.78218      0.21728      0.21746     -3.08801 
     0.79208      0.20742      0.20759     -3.08800 
     0.80198      0.19757      0.19773     -3.08800 
     0.81188      0.18770      0.18786     -3.08800 
     0.82178      0.17784      0.17799     -3.08800 
     0.83168      0.16797      0.16811     -3.08800 
     0.84158      0.15810      0.15823     -3.08799 
     0.85149      0.14823      0.14835     -3.08799 
     0.86139      0.13836      0.13847     -3.08798 
     0.87129      0.12848      0.12859     -3.08798 
     0.88119      0.11861      0.11870     -3.08797 
     0.89109      0.10873      0.10882     -3.08797 
     0.90099      0.09885      0.09893     -3.08796 
     0.91089      0.08897      0.08904     -3.08795 
     0.92079      0.07908      0.07915     -3.08794 
     0.93069      0.06920      0.06926     -3.08792 
     0.94059      0.05932      0.05937     -3.08790 
     0.95050      0.04943      0.04947     -3.08788 
     0.96040      0.03955      0.03958     -3.08783 
     0.97030      0.02966      0.02969     -3.08776 
     0.98020      0.01977      0.01979     -3.08762 
     0.99010      0.00989      0.00990      0.00000 
     1.00000      0.00000      0.00000      0.00000 
